10	0.008755921
10.020006	0.005318003
10.040011	0.014460018
10.060018	0.02144144
10.080023	0.021967767
10.100029	0.01618008
10.120034	0.011805801
10.14004	0.009772723
10.160046	0.010181605
10.180052	0.018002812
10.200057	0.014335572
10.220063	0.007094964
10.240068	0.006953209
10.260075	0.010159397
10.28008	0.017583929
10.300086	0.011871005
10.320091	0.006143465
10.340097	0.013539786
10.360103	0.01821284
10.380109	0.007533779
10.400114	0.009156829
10.42012	0.022169849
10.440125	0.020743793
10.460132	0.009011069
10.480137	0.008811886
10.500143	0.019628493
10.520148	0.021673374
10.540154	0.009956979
10.56016	0.011664106
10.580166	0.013617051
10.600171	0.011686931
10.620177	0.011732245
10.6401825	0.017696736
10.660189	0.015782913
10.680194	0.013617923
10.7002	0.017841047
10.720205	0.010441657
10.7402115	0.0088862
10.760218	0.018048897
10.780223	0.01876785
10.800229	0.009254362
10.820234	0.00688329
10.8402405	0.018797517
10.860246	0.017211128
10.880252	0.011493027
10.900257	0.01564681
10.920263	0.007218421
10.9402685	0.007671488
10.960275	0.014089877
10.98028	0.014641916
11.000286	0.02160314
11.020291	0.020005308
11.0402975	0.01462129
11.060303	0.009715625
11.080309	0.008188187
11.100314	0.011804573
11.12032	0.010007357
11.140326	0.017506454
11.160332	0.019084252
11.180337	0.019312385
11.200343	0.01139855
11.220348	0.007090831
11.240355	0.013210799
11.26036	0.013113225
11.280366	0.011473218
11.300371	0.016571715
11.320377	0.01487081
11.340383	0.011051911
11.360389	0.009344094
11.380394	0.011033029
11.4004	0.012842958
11.420405	0.012778313
11.440412	0.018411104
11.460417	0.016428042
11.480423	0.014039013
11.500429	0.016093098
11.520434	0.019899994
11.540441	0.021460831
11.560446	0.018049411
11.580452	0.02582367
11.600457	0.02312577
11.620463	0.010466198
11.640469	0.009074299
11.660475	0.011189
11.68048	0.015740674
11.700486	0.015840638
11.720491	0.010159143
11.740498	0.01785848
11.760503	0.014026591
11.780509	0.012084818
11.800514	0.020966709
11.82052	0.011923806
11.840526	0.011553098
11.860532	0.007243879
11.880537	0.012271752
11.900543	0.021516372
11.920548	0.010131581
11.940555	0.019639403
11.96056	0.019341972
11.980566	0.007681894
12.000571	0.014763392
12.020577	0.018902116
12.040583	0.018771918
12.060589	0.022774747
12.080594	0.015425521
12.1006	0.00586162
12.120605	0.006701928
12.140612	0.012414286
12.160617	0.021925043
12.180623	0.022917476
12.200628	0.022538738
12.220634	0.029565962
12.240641	0.022618327
12.260646	0.012166796
12.280652	0.015993018
12.300657	0.010885298
12.320663	0.008431928
12.340669	0.012812377
12.360675	0.012645905
12.38068	0.016059482
12.400686	0.014481981
12.4206915	0.01756734
12.440698	0.015081367
12.460703	0.007737859
12.480709	0.019417986
12.500714	0.024195913
12.5207205	0.009641955
12.540726	0.007337758
12.560732	0.014438042
12.580737	0.018268028
12.600743	0.01426102
12.6207485	0.019222373
12.640755	0.022415766
12.66076	0.013297945
12.680766	0.013376046
12.700771	0.017448336
12.7207775	0.013807308
12.740783	0.018152578
12.760789	0.022104805
12.780794	0.013640406
12.8008	0.013262968
12.820806	0.019967359
12.840812	0.013343752
12.860817	0.010633487
12.880823	0.013544044
12.900828	0.009109491
12.920835	0.01810171
12.94084	0.021763029
12.960846	0.011163887
12.980852	0.009435834
13.000857	0.011227922
13.020864	0.019275554
13.040869	0.021986153
13.060875	0.024970531
13.08088	0.02682763
13.100886	0.01905867
13.120892	0.018692136
13.140898	0.013638849
13.160903	0.021643274
13.180909	0.014788105
13.200914	0.009387768
13.220921	0.022292562
13.240926	0.023758983
13.260932	0.023212139
13.280937	0.021458618
13.300943	0.01397263
13.320949	0.006356414
13.340955	0.006623604
13.36096	0.012865034
13.380966	0.014592698
13.400971	0.016747167
13.420978	0.023129499
13.440983	0.022411667
13.460989	0.013217081
13.480994	0.020137103
13.501	0.019868148
13.521006	0.014814231
13.541012	0.017013507
13.561017	0.014970152
13.581023	0.008056245
13.601028	0.005366323
13.621035	0.01606706
13.64104	0.023270886
13.661046	0.01759041
13.681051	0.017656852
13.701057	0.018964376
13.721064	0.01131247
13.741069	0.010161584
13.761075	0.015179337
13.78108	0.015399287
13.801086	0.015155955
13.821092	0.009843813
13.841098	0.011152043
13.861103	0.01123309
13.881109	0.012186419
13.901114	0.02275354
13.921121	0.024063444
13.941126	0.018236954
13.961132	0.011793069
13.981137	0.021504102
14.001143	0.018808125
14.021149	0.013898564
14.041155	0.018532664
14.06116	0.017181149
14.081166	0.018544191
14.1011715	0.015176619
14.121178	0.017923374
14.141183	0.015893549
14.161189	0.013757455
14.181194	0.022011254
14.2012005	0.029764125
14.221206	0.027797116
14.241212	0.03017929
14.261217	0.033621866
14.281223	0.036501165
14.301229	0.041345846
14.321235	0.034319624
14.34124	0.032731645
14.361246	0.0328234
14.381251	0.019023338
14.4012575	0.015124029
14.421264	0.022410495
14.441269	0.034263074
14.461275	0.032350503
14.48128	0.020070385
14.5012865	0.01722781
14.521292	0.020280924
14.541298	0.016953053
14.561303	0.024586303
14.581309	0.028015748
14.601315	0.029384386
14.621321	0.0415426
14.641326	0.041397937
14.661332	0.03786454
14.681337	0.04296102
14.701344	0.036685057
14.721349	0.029962616
14.741355	0.019691246
14.76136	0.013893406
14.781366	0.017996337
14.801372	0.010270983
14.821378	0.010319538
14.841383	0.015318724
14.861389	0.020448614
14.881394	0.020524276
14.901401	0.018523054
14.921406	0.02192672
14.941412	0.027381875
14.961417	0.018362649
14.981423	0.010429241
15.001429	0.01693666
15.021435	0.02187814
15.04144	0.014239629
15.061446	0.010905529
15.081451	0.016101869
15.101458	0.016112681
15.121463	0.018175611
15.141469	0.017926365
15.161475	0.018059062
15.18148	0.017244268
15.201487	0.014109368
15.221492	0.024292162
15.241498	0.023631178
15.261503	0.017119544
15.281509	0.019633422
15.301515	0.01755979
15.321521	0.009041565
15.341526	0.006930087
15.361532	0.009867673
15.381537	0.018458903
15.401544	0.014116313
15.421549	0.011963827
15.441555	0.028802253
15.46156	0.026800768
15.481566	0.018277606
15.501572	0.013279984
15.521578	0.013835119
15.541583	0.022335278
15.561589	0.017903097
15.581594	0.011201843
15.601601	0.00972476
15.621606	0.012222415
15.641612	0.025217148
15.661617	0.021758152
15.681623	0.015197706
15.701629	0.025661273
15.721635	0.028819
15.74164	0.019561976
15.761646	0.012562218
15.7816515	0.023221
15.801658	0.021181772
15.821663	0.013739777
15.841669	0.020826587
15.861674	0.021128612
15.8816805	0.014653458
15.901687	0.013740137
15.921692	0.011654631
15.941698	0.00878716
15.961703	0.016598698
15.9817095	0.030148232
16.001715	0.031684216
16.02172	0.031854462
16.041727	0.03049362
16.061731	0.026994416
16.081738	0.0225264
16.101744	0.017708177
16.12175	0.018926807
16.141754	0.017859142
16.16176	0.019362392
16.181767	0.016962139
16.201773	0.012829067
16.221777	0.014130672
16.241783	0.011124047
16.26179	0.011110548
16.281796	0.016201349
16.3018	0.019083055
16.321806	0.013826338
16.341812	0.017625583
16.361818	0.021731654
16.381823	0.016682424
16.401829	0.01756465
16.421835	0.012170182
16.441841	0.009448059
16.461845	0.00949767
16.481852	0.009872805
16.501858	0.016770285
16.521864	0.021765351
16.541868	0.02468722
16.561874	0.019860271
16.58188	0.008766112
16.601887	0.008353809
16.621891	0.016023412
16.641897	0.019181242
16.661903	0.018603299
16.68191	0.016627343
16.701916	0.015205532
16.72192	0.01522818
16.741926	0.011437819
16.761932	0.007830429
16.781939	0.007078933
16.801943	0.013579647
16.821949	0.017349763
16.841955	0.018429002
16.861961	0.016146157
16.881966	0.014957371
16.901972	0.020483214
16.921978	0.023317091
16.941984	0.017369702
16.961988	0.012914103
16.981995	0.020687973
17.002	0.024785234
17.022007	0.011285205
17.042011	0.010604514
17.062017	0.014080176
17.082024	0.017480899
17.10203	0.020913906
17.122034	0.019748582
17.14204	0.022002712
17.162046	0.024198616
17.182053	0.024897194
17.202057	0.016739348
17.222063	0.015953451
17.24207	0.01774416
17.262075	0.02086673
17.28208	0.028390944
17.302086	0.031227322
17.322092	0.0375972
17.342098	0.03557947
17.362103	0.03589913
17.382109	0.041257836
17.402115	0.054166127
17.422121	0.06037376
17.442127	0.059720654
17.462132	0.06871954
17.482138	0.06829926
17.502144	0.08036681
17.52215	0.085200205
17.542154	0.07214959
17.56216	0.066022314
17.582167	0.062360488
17.602173	0.05082746
17.622177	0.03662286
17.642183	0.022738539
17.66219	0.02000943
17.682196	0.017745191
17.7022	0.019085634
17.722206	0.02633017
17.742212	0.024504522
17.762218	0.023666572
17.782223	0.021447195
17.802229	0.013450881
17.822235	0.015213581
17.842241	0.025392769
17.862246	0.024113934
17.882252	0.02095124
17.902258	0.01609905
17.922264	0.014297098
17.942268	0.026831692
17.962275	0.023392519
17.98228	0.015776675
18.002287	0.021160968
18.022291	0.03316712
18.042297	0.042807717
18.062304	0.039788358
18.08231	0.029281382
18.102314	0.02977562
18.12232	0.031146685
18.142326	0.020446768
18.162333	0.02251234
18.182339	0.019200722
18.202343	0.016490553
18.22235	0.026936736
18.242355	0.02438045
18.262362	0.02805349
18.282366	0.03250929
18.302372	0.030266598
18.322378	0.034024753
18.342384	0.040195536
18.362389	0.03977944
18.382395	0.039051533
18.402401	0.030522097
18.422407	0.023139141
18.442411	0.033489857
18.462418	0.030977987
18.482424	0.019751325
18.50243	0.024527986
18.522434	0.021743374
18.54244	0.018074239
18.562447	0.025464851
18.582453	0.026869712
18.602457	0.025827423
18.622463	0.03347121
18.64247	0.026288597
18.662476	0.015771616
18.68248	0.02508756
18.702486	0.036846414
18.722492	0.03563121
18.742498	0.036934018
18.762503	0.04170896
18.782509	0.033667408
18.802515	0.033238526
18.822521	0.03394569
18.842527	0.03571743
18.862532	0.05466046
18.882538	0.0628093
18.902544	0.06657257
18.92255	0.07127702
18.942554	0.07580045
18.96256	0.07987619
18.982567	0.08581069
19.002573	0.09444717
19.022577	0.10049674
19.042583	0.100083575
19.06259	0.123311765
19.082596	0.14783572
19.1026	0.143658
19.122606	0.13451463
19.142612	0.11515769
19.162619	0.094572544
19.182623	0.0867859
19.20263	0.06725114
19.222635	0.04692782
19.242641	0.024012864
19.262646	0.024686348
19.282652	0.027241662
19.302658	0.018739067
19.322664	0.017527536
19.342669	0.023931729
19.362675	0.028473245
19.38268	0.024094563
19.402687	0.025713589
19.422691	0.024115665
19.442698	0.02106159
19.462704	0.023144398
19.48271	0.023052892
19.502714	0.018124046
19.52272	0.016666904
19.542727	0.022592556
19.562733	0.026875831
19.582739	0.023885854
19.602743	0.03590961
19.62275	0.043305323
19.642756	0.030910166
19.662762	0.0383472
19.682766	0.055248342
19.702772	0.050374214
19.722778	0.046133656
19.742785	0.047497984
19.762789	0.041889224
19.782795	0.039993513
19.802801	0.034220044
19.822807	0.02495465
19.842812	0.024491606
19.862818	0.023741553
19.882824	0.016661441
19.90283	0.026664881
19.922834	0.03464497
19.94284	0.029087776
19.962847	0.027259797
19.982853	0.029126907
20.002857	0.032144953
20.022863	0.03699283
20.04287	0.03930978
20.062876	0.034849327
20.08288	0.041582473
20.102886	0.054678995
20.122892	0.06155114
20.142899	0.056554865
20.162903	0.048333906
20.182909	0.0637246
20.202915	0.10082643
20.222921	0.11595238
20.242926	0.12328108
20.262932	0.13638984
20.282938	0.1403068
20.302944	0.14887682
20.32295	0.17761214
20.342955	0.18653888
20.36296	0.18423517
20.382967	0.16543563
20.402973	0.12743357
20.422977	0.100403085
20.442984	0.06704224
20.46299	0.054192085
20.482996	0.046622317
20.503	0.03417781
20.523006	0.03857635
20.543013	0.042216416
20.563019	0.038529735
20.583023	0.031365424
20.60303	0.03105206
20.623035	0.019053495
20.643042	0.015255644
20.663046	0.02116347
20.683052	0.026204519
20.703058	0.015311277
20.723064	0.005224748
20.743069	0.01061658
20.763075	0.018340388
20.783081	0.015570314
20.803087	0.01868749
20.823092	0.0210933
20.843098	0.010659031
20.863104	0.008607295
20.88311	0.016272314
20.903114	0.021351503
20.92312	0.017948592
20.943127	0.016137583
20.963133	0.017727545
20.983137	0.016768552
21.003143	0.009825183
21.02315	0.011229571
21.043156	0.024516681
21.063162	0.026837578
21.083166	0.022748357
21.103172	0.023928318
21.123178	0.010342826
21.143185	0.009783115
21.163189	0.020195113
21.183195	0.022814441
21.203201	0.02165366
21.223207	0.017552633
21.243212	0.011944181
21.263218	0.012404518
21.283224	0.011359517
21.30323	0.011088764
21.323235	0.0181544
21.34324	0.01968321
21.363247	0.020500056
21.383253	0.023255497
21.403257	0.024635917
21.423264	0.034554154
21.44327	0.018786643
21.463276	0.012921207
21.48328	0.030945085
21.503286	0.04188077
21.523293	0.039205346
21.543299	0.025586672
21.563303	0.025681037
21.58331	0.03066115
21.603315	0.03443773
21.623322	0.03131787
21.643326	0.020115172
21.663332	0.013810677
21.683338	0.018000783
21.703344	0.02237821
21.723349	0.011513609
21.743355	0.019103324
21.763361	0.02754023
21.783367	0.024636881
21.803373	0.023666022
21.823378	0.020188162
21.843384	0.018747084
21.86339	0.02034681
21.883396	0.031885497
21.9034	0.044913832
21.923407	0.039824653
21.943413	0.030241948
21.963419	0.047109794
21.983423	0.055946503
22.00343	0.05343614
22.023436	0.067547426
22.043442	0.08107768
22.063446	0.08337361
22.083452	0.0747396
22.103458	0.073850036
22.123465	0.06218066
22.143469	0.056279562
22.163475	0.050926775
22.183481	0.026389219
22.203487	0.016416406
22.223492	0.025983404
22.243498	0.026868727
22.263504	0.018129457
22.28351	0.020433499
22.303514	0.017230632
22.32352	0.01184451
22.343527	0.01755786
22.363533	0.024810832
22.383537	0.024411825
22.403543	0.026546337
22.42355	0.026734153
22.443556	0.024760762
22.46356	0.034656823
22.483566	0.040954378
22.503572	0.04528239
22.523579	0.0498102
22.543585	0.04410721
22.56359	0.04502059
22.583595	0.043628443
22.603601	0.030298986
22.623608	0.031575046
22.643612	0.036727346
22.663618	0.046165675
22.683624	0.052834075
22.70363	0.04784499
22.723635	0.041783065
22.74364	0.03373656
22.763647	0.032121968
22.783653	0.033981018
22.803658	0.019915823
22.823664	0.012249669
22.84367	0.015962915
22.863676	0.02003968
22.88368	0.023944102
22.903687	0.023937535
22.923693	0.02538541
22.943699	0.027120529
22.963703	0.024884522
22.98371	0.020598102
23.003716	0.024634283
23.023722	0.03521909
23.043726	0.041332074
23.063732	0.044500373
23.083738	0.046034623
23.103745	0.04858954
23.123749	0.05770364
23.143755	0.0602897
23.163761	0.053256087
23.183767	0.040739328
23.203772	0.031273745
23.223778	0.046306554
23.243784	0.052699942
23.26379	0.04545802
23.283796	0.056124527
23.3038	0.05379316
23.323807	0.04494055
23.343813	0.047395844
23.36382	0.0410974
23.383823	0.028077934
23.40383	0.023877326
23.423836	0.030579198
23.443842	0.021001162
23.463846	0.012084606
23.483852	0.020122472
23.503859	0.024285797
23.523865	0.016673505
23.543869	0.016793173
23.563875	0.019927232
23.583881	0.010751053
23.603888	0.009574648
23.623892	0.020638438
23.643898	0.017599626
23.663904	0.013126416
23.68391	0.01803954
23.703915	0.020505572
23.72392	0.026839256
23.743927	0.026043203
23.763933	0.01752418
23.783937	0.018565046
23.803944	0.021126805
23.82395	0.029269855
23.843956	0.036328267
23.86396	0.04035994
23.883966	0.04148913
23.903973	0.033205707
23.923979	0.03139429
23.943983	0.045602467
23.96399	0.05940362
23.983995	0.071025915
24.004002	0.08684351
24.024008	0.103999294
24.044012	0.11795465
24.064018	0.13157126
24.084024	0.15147194
24.10403	0.16925485
24.124035	0.18031551
24.144041	0.17861554
24.164047	0.16232993
24.184053	0.12911889
24.204058	0.09271495
24.224064	0.07369585
24.24407	0.06723508
24.264076	0.06119079
24.28408	0.04943607
24.304087	0.04128691
24.324093	0.04353464
24.344099	0.03567712
24.364103	0.042710964
24.38411	0.053783156
24.404116	0.05725375
24.424122	0.06494183
24.444126	0.07634656
24.464132	0.08367249
24.484138	0.088292465
24.504145	0.09779178
24.524149	0.10596749
24.544155	0.100043766
24.564161	0.08145177
24.584167	0.07708716
24.604172	0.0668122
24.624178	0.04770203
24.644184	0.03403816
24.66419	0.023768779
24.684195	0.0218228
24.7042	0.026123306
24.724207	0.026536554
24.744213	0.021696849
24.76422	0.012244021
24.784224	0.011585674
24.80423	0.015989272
24.824236	0.016208773
24.844242	0.019821236
24.864246	0.0175516
24.884253	0.009140647
24.904259	0.008877683
24.924265	0.01656024
24.94427	0.02240249
24.964275	0.020607322
24.984282	0.025318913
25.004288	0.019032026
25.024292	0.008200118
25.044298	0.014622089
25.064304	0.008228173
25.08431	0.008072545
25.104315	0.01573013
25.124321	0.011796812
25.144327	0.01795069
25.164333	0.019513456
25.184338	0.018429369
25.204344	0.018725453
25.22435	0.012311651
25.244356	0.008605023
25.26436	0.012541808
25.284367	0.022460677
25.304373	0.018240111
25.324379	0.014243125
25.344383	0.011679112
25.36439	0.010416314
25.384396	0.015842982
25.404402	0.014299916
25.424406	0.01831718
25.444412	0.025473425
25.464418	0.020849213
25.484425	0.019321783
25.50443	0.02270966
25.524435	0.016275816
25.544441	0.013658192
25.564447	0.012058778
25.584454	0.012337696
25.604458	0.018678708
25.624464	0.02106423
25.64447	0.01637541
25.664476	0.01405276
25.68448	0.022300588
25.704487	0.021695033
25.724493	0.021380184
25.7445	0.028071346
25.764503	0.02418501
25.78451	0.020734329
25.804516	0.013324286
25.824522	0.009039622
25.844526	0.011875995
25.864532	0.015086912
25.884539	0.016806578
25.904545	0.023626536
25.92455	0.025594529
25.944555	0.021669477
25.964561	0.024605218
25.984568	0.017235449
26.004572	0.010948344
26.024578	0.017934749
26.044584	0.014076456
26.06459	0.017908962
26.084595	0.018059738
26.1046	0.008782149
26.124607	0.008105763
26.144613	0.017462851
26.164618	0.018915229
26.184624	0.008238871
26.20463	0.007523792
26.224636	0.01159872
26.244642	0.018940985
26.264647	0.018363953
26.284653	0.012516969
26.304659	0.011158099
26.324665	0.016580012
26.34467	0.015845563
26.364676	0.012514869
26.384682	0.012400648
26.404688	0.019132081
26.424692	0.026106808
26.444698	0.024130424
26.464705	0.024571246
26.48471	0.03253915
26.504715	0.034039054
26.524721	0.033654425
26.544727	0.04664402
26.564734	0.062894866
26.584738	0.06506674
26.604744	0.06620944
26.62475	0.08817164
26.644756	0.09526852
26.66476	0.0855213
26.684767	0.07444676
26.704773	0.07078571
26.72478	0.054639228
26.744783	0.029292382
26.76479	0.022200186
26.784796	0.024345778
26.804802	0.01859171
26.824806	0.018149609
26.844812	0.017387612
26.864819	0.01364542
26.884825	0.01638862
26.904829	0.018466214
26.924835	0.015323634
26.944841	0.014659921
26.964848	0.014536984
26.984854	0.010282357
27.004858	0.014478389
27.024864	0.018114807
27.04487	0.013966136
27.064877	0.0178442
27.08488	0.01650647
27.104887	0.012631379
27.124893	0.010799875
27.1449	0.008638508
27.164904	0.01633897
27.18491	0.022906037
27.204916	0.019186586
27.224922	0.013087256
27.244926	0.014068392
27.264933	0.028948136
27.284939	0.037229195
27.304945	0.039020963
27.32495	0.03636087
27.344955	0.03851975
27.364962	0.052218888
27.384968	0.052912597
27.404972	0.056770872
27.424978	0.062971056
27.444984	0.05776945
27.46499	0.059601653
27.484995	0.05334184
27.505001	0.044341657
27.525007	0.029561557
27.545013	0.029255332
27.565018	0.039051794
27.585024	0.028970346
27.60503	0.014330028
27.625036	0.011447178
27.64504	0.014227827
27.665047	0.01394839
27.685053	0.012444812
27.70506	0.011960482
27.725065	0.014503854
27.74507	0.01859324
27.765076	0.015018268
27.785082	0.018640324
27.805088	0.018666951
27.825092	0.020216389
27.845098	0.028225407
27.865105	0.028109295
27.88511	0.023819178
27.905115	0.028316
27.925121	0.043440994
27.945127	0.055075064
27.965134	0.050960083
27.985138	0.06476692
28.005144	0.105278894
28.02515	0.13539068
28.045156	0.16244267
28.06516	0.18471277
28.085167	0.22206815
28.105173	0.26521903
28.12518	0.30952227
28.145184	0.3852182
28.16519	0.45295307
28.185196	0.5222653
28.205202	0.6285858
28.225206	0.7358364
28.245213	0.8093841
28.265219	0.79401296
28.285225	0.7287322
28.30523	0.6642526
28.325235	0.530988
28.345242	0.38893896
28.365248	0.30593124
28.385252	0.23619342
28.405258	0.17401524
28.425264	0.12480038
28.44527	0.097677164
28.465277	0.074322864
28.485281	0.05933828
28.505287	0.045083076
28.525293	0.036076937
28.5453	0.03890066
28.565304	0.03463114
28.58531	0.018751966
28.605316	0.013783367
28.625322	0.020119721
28.645327	0.023836304
28.665333	0.026615482
28.685339	0.025005437
28.705345	0.025315553
28.72535	0.021613276
28.745356	0.023530371
28.765362	0.031568572
28.785368	0.028679984
28.805372	0.024050983
28.825378	0.027859982
28.845385	0.03338093
28.86539	0.031271957
28.885395	0.02766172
28.905401	0.027223475
28.925407	0.03140086
28.945414	0.041879807
28.965418	0.05476279
28.985424	0.0611781
29.00543	0.06930847
29.025436	0.093257874
29.04544	0.0985155
29.065447	0.081824675
29.085453	0.06823809
29.10546	0.068347655
29.125463	0.05828167
29.14547	0.04654803
29.165476	0.03813212
29.185482	0.030403923
29.205488	0.027860418
29.225492	0.024929566
29.245499	0.024333581
29.265505	0.020214994
29.285511	0.013952876
29.305515	0.016967935
29.325521	0.022441057
29.345528	0.02483693
29.365534	0.018443314
29.385538	0.012707786
29.405544	0.01788176
29.42555	0.015276374
29.445557	0.012049776
29.46556	0.014119197
29.485567	0.015793122
29.505573	0.014983489
29.52558	0.012522584
29.545584	0.012403557
29.56559	0.010512027
29.585596	0.009517102
29.605602	0.014332985
29.625607	0.025160223
29.645613	0.028694173
29.665619	0.022792868
29.685625	0.015228262
29.70563	0.017899698
29.725636	0.017564217
29.745642	0.014870615
29.765648	0.01625108
29.785652	0.014109548
29.805658	0.012366444
29.825665	0.010330426
29.84567	0.014258351
29.865675	0.016281154
29.885681	0.013142272
29.905687	0.018178828
29.925694	0.017582804
29.9457	0.01498992
29.965704	0.02223126
29.98571	0.025298657
30.005716	0.028197141
30.025723	0.031096788
30.045727	0.03243963
30.065733	0.041256048
30.08574	0.04698246
30.105745	0.048635658
30.12575	0.04854753
30.145756	0.048075058
30.165762	0.046085145
30.185768	0.045695458
30.205772	0.04476102
30.225779	0.047055803
30.245785	0.045171775
30.26579	0.037318595
30.285795	0.03769834
30.305801	0.026303709
30.325808	0.016116356
30.345814	0.0196819
30.365818	0.020439928
30.385824	0.023299107
30.40583	0.033407718
30.425837	0.030431962
30.44584	0.020552987
30.465847	0.020490251
30.485853	0.018873733
30.50586	0.019789139
30.525864	0.015428063
30.54587	0.01275022
30.565876	0.018886296
30.585882	0.015838511
30.605886	0.006732062
30.625893	0.008461532
30.645899	0.019174518
30.665905	0.020262098
30.685911	0.012755959
30.705915	0.011530587
30.725922	0.015470681
30.745928	0.015668549
30.765934	0.013933457
30.785938	0.010232497
30.805944	0.013369877
30.82595	0.016600147
30.845957	0.012862464
30.865961	0.010964142
30.885967	0.013275756
30.905973	0.013122644
30.92598	0.01029187
30.945984	0.008454504
30.96599	0.014835876
30.985996	0.021333205
31.006002	0.016034089
31.026007	0.014088258
31.046013	0.017098889
31.06602	0.009027592
31.086025	0.008149581
31.10603	0.022649894
31.126036	0.027962403
31.146042	0.023245936
31.166048	0.025260836
31.186052	0.02511291
31.206059	0.020255208
31.226065	0.020460824
31.24607	0.030866183
31.266075	0.05254289
31.286081	0.06570525
31.306087	0.078123815
31.326094	0.08936946
31.346098	0.099612914
31.366104	0.12383259
31.38611	0.15628147
31.406116	0.18674146
31.426123	0.23799558
31.446127	0.2964513
31.466133	0.3603268
31.48614	0.46467355
31.506145	0.5471579
31.52615	0.58046764
31.546156	0.59467983
31.566162	0.6007427
31.586168	0.59639966
31.606173	0.5849212
31.626179	0.54143417
31.646185	0.4911511
31.666191	0.48815757
31.686195	0.54486996
31.706202	0.6431406
31.726208	0.73243415
31.746214	0.8346839
31.766218	0.89983773
31.786224	0.89085823
31.80623	0.8414793
31.826237	0.744195
31.846241	0.62283665
31.866247	0.5014765
31.886253	0.39848864
31.90626	0.30543035
31.926264	0.21999496
31.94627	0.16481185
31.966276	0.12247577
31.986282	0.08685997
32.006287	0.09209765
32.026295	0.098146535
32.0463	0.096782655
32.066303	0.09843101
32.08631	0.10516966
32.106316	0.11802112
32.126324	0.14285639
32.146328	0.16451745
32.166332	0.17915599
32.18634	0.19479962
32.206345	0.19324364
32.22635	0.17568077
32.246357	0.16009232
32.26636	0.13334006
32.28637	0.110065274
32.306374	0.10696625
32.326378	0.09952908
32.346386	0.07562607
32.36639	0.05458773
32.386395	0.046755042
32.406403	0.03975505
32.426407	0.03408614
32.446415	0.026142128
32.46642	0.020954734
32.486423	0.018675126
32.50643	0.022759162
32.526436	0.024001416
32.54644	0.025383817
32.56645	0.029402755
32.586452	0.029650675
32.60646	0.029901344
32.626465	0.024604268
32.64647	0.020230846
32.666477	0.025246086
32.68648	0.022624983
32.706486	0.013180335
32.726494	0.015061451
32.7465	0.020966448
32.766506	0.020304265
32.78651	0.021477023
32.806515	0.015919255
32.826523	0.012496461
32.846527	0.014292797
32.866535	0.010967221
32.88654	0.009475537
32.906544	0.010037101
32.92655	0.011154789
32.946556	0.018998588
32.96656	0.022749275
32.98657	0.019266589
33.006573	0.008458811
33.02658	0.00508023
33.046585	0.010430335
33.06659	0.015257599
33.086597	0.017713767
33.1066	0.021300822
33.126606	0.019578435
33.146614	0.017298343
33.16662	0.013637072
33.186626	0.014177494
33.20663	0.018300777
33.226635	0.019181827
33.246643	0.018344915
33.266647	0.014276871
33.28665	0.014152897
33.30666	0.010128245
33.326664	0.011709356
33.346672	0.015981203
33.366676	0.011475313
33.38668	0.009188039
33.40669	0.013510115
33.426693	0.014171984
33.446697	0.009849914
33.466705	0.014341496
33.48671	0.016904734
33.506718	0.019468533
33.526722	0.0179178
33.546726	0.01631595
33.566734	0.020445244
33.58674	0.026633434
33.606747	0.0292576
33.62675	0.024316097
33.646755	0.01474145
33.666763	0.009991064
33.686768	0.013268315
33.70677	0.022172485
33.72678	0.024031939
33.746784	0.025721882
33.766792	0.034563713
33.786797	0.041514218
33.8068	0.04260852
33.82681	0.04730291
33.846813	0.05943712
33.866817	0.07064491
33.886826	0.07900152
33.90683	0.08470135
33.926838	0.09173954
33.946842	0.09126237
33.966846	0.084133014
33.986855	0.07412495
34.00686	0.07314322
34.026863	0.07620507
34.04687	0.07153159
34.066875	0.06315899
34.086884	0.068033315
34.106888	0.08604019
34.126892	0.10781988
34.1469	0.12765963
34.166904	0.13975641
34.18691	0.16084133
34.206917	0.17915973
34.22692	0.18630217
34.24693	0.17779115
34.266933	0.16911896
34.286938	0.17839155
34.306946	0.16888982
34.32695	0.15073682
34.34696	0.13056368
34.366962	0.10531962
34.386967	0.09523085
34.406975	0.0952943
34.42698	0.10064152
34.446983	0.10776331
34.46699	0.11365873
34.486996	0.11500392
34.507004	0.112835154
34.527008	0.09776835
34.547012	0.076320164
34.56702	0.06972521
34.587025	0.049417436
34.60703	0.033663277
34.627037	0.0349726
34.64704	0.026732285
34.66705	0.019503478
34.687054	0.01811337
34.707058	0.019738013
34.727066	0.018339163
34.74707	0.020335974
34.767075	0.022965929
34.787083	0.023943586
34.807087	0.02851773
34.827095	0.028679842
34.8471	0.029609662
34.867104	0.027961232
34.88711	0.023141097
34.907116	0.017377816
34.92712	0.013953609
34.94713	0.019690894
34.967133	0.021765342
34.98714	0.02187712
35.007145	0.016151307
35.02715	0.013545991
35.047157	0.015070828
35.06716	0.012800952
35.08717	0.017762488
35.107174	0.020750444
35.12718	0.022119267
35.147186	0.020779895
35.16719	0.017457202
35.187195	0.024696207
35.207203	0.031208972
35.227207	0.030918552
35.247215	0.044467345
35.26722	0.06621962
35.287224	0.074807055
35.30723	0.082370035
35.327236	0.10075898
35.34724	0.12639934
35.36725	0.16011618
35.387253	0.17500812
35.40726	0.15679003
35.427265	0.13691117
35.44727	0.12100852
35.467278	0.08445357
35.48728	0.059684854
35.507286	0.056914877
35.527294	0.045304615
35.5473	0.032166
35.567307	0.029320884
35.58731	0.023690103
35.607315	0.017957363
35.627323	0.015359419
35.647327	0.013737585
35.66733	0.024267985
35.68734	0.029544078
35.707344	0.024825862
35.727352	0.018276257
35.747356	0.01914088
35.76736	0.022037301
35.78737	0.031530805
35.807373	0.043776616
35.82738	0.04639944
35.847385	0.047779035
35.86739	0.059835616
35.887398	0.07068191
35.907402	0.0769441
35.927406	0.07556624
35.947414	0.0694318
35.96742	0.06613843
35.987427	0.06275086
36.00743	0.05948337
36.027435	0.056553427
36.047443	0.051618483
36.067448	0.04401154
36.087452	0.03599742
36.10746	0.028999832
36.127464	0.024797348
36.147472	0.017634708
36.167477	0.011799325
36.18748	0.01364912
36.20749	0.018514149
36.227493	0.021173745
36.247498	0.020940628
36.267506	0.016797654
36.28751	0.012272239
36.307518	0.011183036
36.327522	0.014199586
36.347527	0.02039656
36.367535	0.020046784
36.38754	0.011496493
36.407543	0.009096818
36.42755	0.010171132
36.447556	0.014593413
36.467564	0.020888714
36.487568	0.01942926
36.507572	0.021700764
36.52758	0.020126421
36.547585	0.012999025
36.567593	0.013099491
36.587597	0.012397311
36.6076	0.009157718
36.62761	0.010563158
36.647614	0.011742927
36.667618	0.011645275
36.687626	0.015776444
36.70763	0.015325045
36.72764	0.013694551
36.747643	0.015587928
36.767647	0.018131528
36.787655	0.019665752
36.80766	0.015729817
36.827663	0.011794469
36.84767	0.014485762
36.867676	0.016296756
36.887684	0.016144412
36.90769	0.016793577
36.927692	0.012791459
36.9477	0.00898747
36.967705	0.010614965
36.98771	0.010872417
37.007717	0.013261558
37.02772	0.016120715
37.04773	0.012950665
37.067734	0.010262776
37.087738	0.011250136
37.107746	0.012768497
37.12775	0.015991984
37.147755	0.015804755
37.167763	0.014267427
37.187767	0.014032742
37.207775	0.00874134
37.22778	0.007983841
37.247784	0.01601546
37.26779	0.017173812
37.287796	0.013157277
37.307804	0.011243047
37.32781	0.00990126
37.347813	0.010574726
37.36782	0.012633448
37.387825	0.015472787
37.40783	0.0170059
37.427837	0.012704313
37.44784	0.010403196
37.46785	0.014745151
37.487854	0.013544513
37.50786	0.008955567
37.527866	0.007905599
37.54787	0.01173219
37.567875	0.017834114
37.587883	0.017223144
37.607887	0.012218752
37.627895	0.007822151
37.6479	0.007385059
37.667904	0.007084673
37.687912	0.011135195
37.707916	0.018930076
37.72792	0.019450638
37.74793	0.017150795
37.767933	0.015476654
37.78794	0.013060544
37.807945	0.01273148
37.82795	0.010814772
37.847958	0.012407349
37.86796	0.01868618
37.887966	0.017606765
37.907974	0.012241403
37.92798	0.010716613
37.947987	0.014915918
37.96799	0.018593289
37.987995	0.014259141
38.008003	0.009685841
38.028008	0.012418407
38.048016	0.0176447
38.06802	0.017754713
38.088024	0.016491193
38.108032	0.01722423
38.128036	0.01860058
38.14804	0.015543308
38.16805	0.011757984
38.188053	0.012942998
38.20806	0.013695173
38.228065	0.01330974
38.24807	0.012110417
38.268078	0.015066973
38.288082	0.014590759
38.308086	0.009043422
38.328094	0.008477111
38.3481	0.011303025
38.368107	0.016975902
38.38811	0.01800423
38.408115	0.019656604
38.428123	0.022587031
38.448128	0.023194665
38.468132	0.027493577
38.48814	0.027090915
38.508144	0.027625222
38.528152	0.031165177
38.548157	0.034813702
38.56816	0.043889243
38.58817	0.057916977
38.608173	0.07281125
38.628178	0.083254255
38.648186	0.07626734
38.66819	0.0694717
38.688198	0.085011736
38.708202	0.086851515
38.728207	0.06292446
38.748215	0.04453823
38.76822	0.048248384
38.788227	0.03996596
38.80823	0.033366065
38.828236	0.032409307
38.848244	0.022591144
38.868248	0.016315078
38.888252	0.021488337
38.90826	0.026006643
38.928265	0.028781775
38.948273	0.023571692
38.968277	0.016139843
38.98828	0.020059204
39.00829	0.023730446
39.028294	0.022265175
39.048298	0.020861497
39.068306	0.017589763
39.08831	0.01822943
39.10832	0.017530955
39.128323	0.01328628
39.148327	0.014026708
39.168335	0.012284161
39.18834	0.009422402
39.208344	0.012756969
39.22835	0.012825251
39.248356	0.008757459
39.268364	0.008986328
39.28837	0.012770347
39.308372	0.014235113
39.32838	0.012916287
39.348385	0.013307729
39.36839	0.015287027
39.388397	0.015704243
39.4084	0.012475567
39.42841	0.011582252
39.448414	0.01782458
39.46842	0.023076752
39.488426	0.022164613
39.50843	0.02557196
39.52844	0.029793644
39.548443	0.022679025
39.568447	0.01624734
39.588455	0.017455969
39.60846	0.017046997
39.628464	0.019653022
39.64847	0.019305788
39.668476	0.014174672
39.688484	0.013685936
39.70849	0.014552982
39.728493	0.011225098
39.7485	0.013131523
39.768505	0.018714134
39.78851	0.019091984
39.808517	0.022105843
39.82852	0.02848998
39.84853	0.029024938
39.868534	0.025596183
39.88854	0.03055118
39.908546	0.045977358
39.92855	0.054441426
39.948555	0.061559476
39.968563	0.069497414
39.988567	0.07329805
40.008575	0.072321504
40.02858	0.062448137
40.048584	0.053787265
40.068592	0.05354418
40.088596	0.048190877
40.1086	0.042629234
40.12861	0.045671053
40.148613	0.045187425
40.16862	0.041035045
40.188625	0.033715688
40.20863	0.027963633
40.228638	0.029774956
40.248642	0.022418536
40.26865	0.013023044
40.288654	0.014627974
40.30866	0.01949251
40.328667	0.021392934
40.34867	0.016576355
40.368675	0.009541758
40.388683	0.008507782
40.408688	0.011942269
40.428696	0.015494433
40.4487	0.015928112
40.468704	0.01856767
40.488712	0.018521171
40.508717	0.019026143
40.52872	0.023479966
40.54873	0.024924666
40.568733	0.017912451
40.58874	0.014098728
40.608746	0.021527747
40.62875	0.028435731
40.648758	0.030239265
40.668762	0.033754822
40.688766	0.049539704
40.708775	0.066083245
40.72878	0.075761616
40.748787	0.088110834
40.76879	0.095701784
40.788795	0.102199785
40.808804	0.11181903
40.828808	0.11035725
40.848812	0.10011979
40.86882	0.090476796
40.888824	0.07863471
40.908833	0.06661272
40.928837	0.055490285
40.94884	0.045267493
40.96885	0.040080603
40.988853	0.034240272
41.00886	0.025346776
41.028866	0.020653024
41.04887	0.027660994
41.06888	0.03302908
41.088882	0.03283745
41.108887	0.031616643
41.128895	0.026210126
41.1489	0.021696888
41.168907	0.027381096
41.18891	0.039704945
41.208916	0.04680135
41.228924	0.055197492
41.248928	0.06190327
41.268932	0.05687172
41.28894	0.05820578
41.308945	0.06280206
41.328953	0.057509694
41.348957	0.055602435
41.36896	0.054549415
41.38897	0.047954813
41.408974	0.049868368
41.428978	0.05960443
41.448986	0.059894025
41.46899	0.05754238
41.489	0.058284756
41.509003	0.056892406
41.529007	0.053567145
41.549015	0.046774197
41.56902	0.037265584
41.589024	0.026366053
41.60903	0.019027399
41.629036	0.016557788
41.649044	0.017364657
41.66905	0.020678582
41.689053	0.021045268
41.70906	0.020477979
41.729065	0.0185736
41.749073	0.01405278
41.769077	0.012463168
41.78908	0.013047008
41.80909	0.015457449
41.829094	0.013473006
41.8491	0.00774368
41.869106	0.010982511
41.88911	0.015353016
41.90912	0.012276322
41.929123	0.011113889
41.949127	0.013899657
41.969135	0.016675541
41.98914	0.019135935
42.009144	0.020974752
42.029152	0.01920723
42.049156	0.017077653
42.069164	0.018391773
42.08917	0.01965332
42.109173	0.017137274
42.12918	0.014223173
42.149185	0.012666306
42.16919	0.010216524
42.189198	0.011064498
42.2092	0.012729721
42.22921	0.015072197
42.249214	0.021790665
42.26922	0.024392292
42.289227	0.018507969
42.30923	0.020104913
42.329235	0.030417785
42.349243	0.029858915
42.369247	0.03233078
42.389256	0.04812815
42.40926	0.061467126
42.429264	0.07033653
42.449272	0.08184993
42.469276	0.0974737
42.489285	0.100565605
42.50929	0.10383334
42.529293	0.11945893
42.5493	0.118771635
42.569305	0.10075293
42.58931	0.08846122
42.609318	0.0821329
42.629322	0.078831695
42.64933	0.07386055
42.669334	0.06498271
42.68934	0.055743437
42.709347	0.047799144
42.72935	0.039101128
42.749355	0.029440375
42.769363	0.020735519
42.789368	0.018213192
42.809376	0.022813505
42.82938	0.022212643
42.849384	0.017906593
42.869392	0.014160105
42.889397	0.013136878
42.9094	0.014372301
42.92941	0.016304636
42.949413	0.016591437
42.96942	0.012820013
42.989426	0.012962746
43.00943	0.015286615
43.029438	0.013728824
43.049442	0.00905334
43.069447	0.005668743
43.089455	0.009356227
43.10946	0.017245421
43.129467	0.016370034
43.14947	0.01401698
43.169476	0.016829144
43.189484	0.017893549
43.209488	0.015854469
43.229496	0.014887402
43.2495	0.015301355
43.269505	0.014769736
43.289513	0.013167293
43.309517	0.009567829
43.32952	0.00670895
43.34953	0.009319609
43.369534	0.015417686
43.38954	0.014876256
43.409546	0.010594659
43.42955	0.01056006
43.44956	0.009660229
43.469563	0.010329138
43.489567	0.010989125
43.509575	0.010600869
43.52958	0.015283293
43.549587	0.018249057
43.56959	0.015090533
43.589596	0.015864857
43.609604	0.018122204
43.62961	0.015661899
43.649612	0.01219375
43.66962	0.007596592
43.689625	0.007574139
43.709633	0.010839833
43.729637	0.009825269
43.74964	0.008678918
43.76965	0.010640768
43.789654	0.016542638
43.809658	0.01945661
43.829666	0.018271945
43.84967	0.01636274
43.86968	0.01605564
43.889683	0.020671455
43.909687	0.02355444
43.929695	0.02823337
43.9497	0.032999203
43.969707	0.032289438
43.98971	0.027571818
44.009716	0.02060732
44.029724	0.016673213
44.04973	0.016519016
44.069733	0.018401584
44.08974	0.01740347
44.109745	0.019190699
44.129753	0.024149595
44.149757	0.02229108
44.16976	0.020016316
44.18977	0.020035643
44.209774	0.019272387
44.22978	0.019394903
44.249786	0.014568229
44.26979	0.009708473
44.2898	0.011578241
44.309803	0.012727381
44.329807	0.011670115
44.349815	0.010424365
44.36982	0.011012109
44.389824	0.016952727
44.409832	0.018787794
44.429836	0.01554656
44.449844	0.014054484
44.46985	0.016118776
44.489853	0.01902123
44.50986	0.01905213
44.529865	0.01641878
44.54987	0.011614835
44.569878	0.009989103
44.58988	0.012031121
44.60989	0.012866901
44.629894	0.013566581
44.6499	0.015648583
44.669907	0.016811244
44.68991	0.015549117
44.70992	0.012990119
44.729923	0.014613901
44.749928	0.024224574
44.769936	0.03050805
44.78994	0.03008183
44.809944	0.034026027
44.829952	0.0448271
44.849957	0.0551225
44.869965	0.057899196
44.88997	0.065226965
44.909973	0.07188259
44.92998	0.06809954
44.949986	0.06344182
44.96999	0.058931198
44.989998	0.05909573
45.010002	0.05589648
45.03001	0.0478473
45.050014	0.04287546
45.07002	0.03568126
45.090027	0.031186206
45.11003	0.03496797
45.130035	0.031789534
45.150043	0.022206195
45.170048	0.019169595
45.190056	0.017857421
45.21006	0.027397234
45.230064	0.03805109
45.250072	0.036149513
45.270077	0.035331424
45.29008	0.04252062
45.31009	0.054262545
45.330093	0.0681905
45.3501	0.07873511
45.370106	0.09051368
45.39011	0.113333866
45.41012	0.13862461
45.430122	0.16329394
45.45013	0.20063502
45.470135	0.2484196
45.49014	0.28522605
45.510147	0.30111513
45.53015	0.30563676
45.550156	0.312704
45.570164	0.30345383
45.590168	0.27780527
45.610176	0.25540492
45.63018	0.23239845
45.650185	0.21618386
45.670193	0.20264675
45.690197	0.17659801
45.7102	0.14543238
45.73021	0.116690345
45.750214	0.08648557
45.77022	0.062366698
45.790226	0.048252203
45.81023	0.040807776
45.83024	0.0383743
45.850243	0.027050998
45.870247	0.018071933
45.890255	0.025269752
45.91026	0.029351328
45.930267	0.02580276
45.95027	0.024429427
45.970276	0.025252203
45.990284	0.021906156
46.01029	0.02064203
46.030293	0.020133762
46.0503	0.013742847
46.070305	0.010246143
46.090313	0.010236694
46.110317	0.014271779
46.13032	0.018975534
46.15033	0.020589007
46.170334	0.020429097
46.190342	0.016772926
46.210346	0.011463552
46.23035	0.011510871
46.25036	0.017638847
46.270363	0.018033482
46.290367	0.0176728
46.310375	0.021341374
46.33038	0.020108195
46.350388	0.02016517
46.37039	0.02091368
46.390396	0.017308349
46.410404	0.013729963
46.43041	0.013091849
46.450413	0.011068831
46.47042	0.012326614
46.490425	0.017527858
46.510433	0.017529858
46.530437	0.016749166
46.55044	0.014780486
46.57045	0.009110668
46.590454	0.010403452
46.61046	0.012932636
46.630466	0.012929394
46.65047	0.015944691
46.67048	0.016594188
46.690483	0.016492348
46.710487	0.021612765
46.730495	0.024837371
46.7505	0.018931322
46.770504	0.010533542
46.790512	0.009221832
46.810516	0.010571666
46.830524	0.01679969
46.85053	0.018435437
46.870533	0.008510741
46.89054	0.006768449
46.910545	0.012935655
46.930553	0.016698712
46.950558	0.018218063
46.970562	0.01468128
46.99057	0.015200717
47.010574	0.020801336
47.03058	0.017053079
47.050587	0.008807864
47.07059	0.008228256
47.0906	0.012219249
47.110603	0.012019398
47.130608	0.009099434
47.150616	0.012052123
47.17062	0.017825775
47.190624	0.015224088
47.210632	0.013422033
47.230637	0.017237572
47.250645	0.016309207
47.27065	0.009557689
47.290653	0.004994074
47.31066	0.005877109
47.330666	0.013057306
47.35067	0.018344652
47.370678	0.015807603
47.390682	0.014789256
47.41069	0.020691186
47.430695	0.021069903
47.4507	0.018282497
47.470707	0.017111981
47.49071	0.017287157
47.510715	0.019405784
47.530724	0.01619913
47.550728	0.015470397
47.570736	0.018905126
47.59074	0.019690476
47.610744	0.02591215
47.630753	0.0294114
47.650757	0.02377941
47.670765	0.017099338
47.69077	0.013362848
47.710773	0.014853837
47.73078	0.017680505
47.750786	0.014250459
47.77079	0.010418123
47.7908	0.012614508
47.810802	0.016304318
47.83081	0.014877966
47.850815	0.012932711
47.87082	0.011660215
47.890827	0.011591185
47.91083	0.013454318
47.930836	0.01626774
47.950844	0.021779496
47.970848	0.021308592
47.990856	0.01189158
48.01086	0.010863523
48.030865	0.01674982
48.050873	0.02111114
48.070877	0.019211838
48.09088	0.01376594
48.11089	0.011127434
48.130894	0.009222267
48.1509	0.014573406
48.170906	0.019948382
48.19091	0.017269114
48.21092	0.019694738
48.230923	0.025458703
48.250927	0.024256526
48.270935	0.015622735
48.29094	0.01397665
48.310947	0.015337172
48.33095	0.011858808
48.350956	0.013587087
48.370964	0.012932334
48.39097	0.009021835
48.410976	0.012376471
48.43098	0.013722748
48.450985	0.012557197
48.470993	0.015375374
48.490997	0.014760263
48.511	0.016016705
48.53101	0.020478755
48.551014	0.017725447
48.571022	0.011874382
48.591026	0.012299921
48.61103	0.016893087
48.63104	0.022844879
48.651043	0.023265759
48.671047	0.021566445
48.691055	0.022377394
48.71106	0.020663416
48.731068	0.022570852
48.751072	0.028796038
48.771076	0.031252936
48.791084	0.034599055
48.81109	0.050524645
48.831093	0.06966431
48.8511	0.07285836
48.871105	0.075666614
48.891113	0.08498753
48.911118	0.07794466
48.93112	0.062259797
48.95113	0.05189076
48.971134	0.050647095
48.99114	0.05537287
49.011147	0.05414226
49.03115	0.050162073
49.05116	0.04803466
49.071163	0.042372156
49.091167	0.040684186
49.111176	0.036556266
49.13118	0.031642135
49.151188	0.03796509
49.171192	0.039967187
49.191196	0.03753147
49.211205	0.044918727
49.23121	0.055495027
49.251213	0.06681809
49.27122	0.08420623
49.291225	0.12781219
49.311234	0.17824833
49.331238	0.19937505
49.351242	0.18106484
49.37125	0.15289217
49.391254	0.12593755
49.41126	0.107399866
49.431267	0.105269305
49.45127	0.10329528
49.47128	0.092507
49.491283	0.08499543
49.511288	0.084337346
49.531296	0.06866246
49.5513	0.043803405
49.571304	0.033517543
49.591312	0.03244741
49.611317	0.028635036
49.631325	0.029509405
49.65133	0.025836976
49.671333	0.020235656
49.69134	0.02192752
49.711346	0.017082777
49.73135	0.01418248
49.751358	0.023768611
49.771362	0.027005581
49.79137	0.021205025
49.811375	0.018487448
49.83138	0.019688526
49.851387	0.017760906
49.87139	0.017333202
49.8914	0.016529601
49.911404	0.025850989
49.931408	0.031885777
49.951416	0.02924
49.97142	0.03597182
49.991425	0.04154949
50.011433	0.042385478
50.031437	0.043980636
50.051445	0.0473879
50.07145	0.063877575
50.091454	0.08147446
50.11146	0.09601658
50.131466	0.13636911
50.15147	0.18177564
50.17148	0.19916083
50.191483	0.20132488
50.21149	0.20646544
50.231495	0.20092914
50.2515	0.1845547
50.271507	0.1830662
50.29151	0.19558388
50.311516	0.18085618
50.331524	0.14113723
50.35153	0.12068956
50.371536	0.09975949
50.39154	0.07642782
50.411545	0.06410415
50.431553	0.05672465
50.451557	0.049311474
50.47156	0.038454488
50.49157	0.03250619
50.511574	0.036753595
50.53158	0.04895957
50.551586	0.070873104
50.57159	0.09084756
50.5916	0.09648171
50.611603	0.10107574
50.63161	0.114201285
50.651615	0.116594926
50.67162	0.10936168
50.691628	0.103955835
50.71163	0.10387154
50.731636	0.09887337
50.751644	0.087546304
50.77165	0.08036726
50.791656	0.07714528
50.81166	0.06662336
50.831665	0.04719869
50.851673	0.03650416
50.871677	0.041804116
50.89168	0.046129044
50.91169	0.04356887
50.931694	0.04070183
50.951702	0.032207612
50.971706	0.02048157
50.99171	0.017362686
51.01172	0.022324676
51.031723	0.03024686
51.051727	0.034486864
51.071735	0.030706327
51.09174	0.019475449
51.111748	0.014379748
51.131752	0.018840196
51.151756	0.030432485
51.171764	0.040458597
51.19177	0.043013547
51.211773	0.04479829
51.23178	0.04503199
51.251785	0.049877983
51.271793	0.053960346
51.291798	0.045658793
51.311802	0.041093662
51.33181	0.03997792
51.351814	0.031788655
51.371822	0.034452174
51.391827	0.043361448
51.41183	0.040210195
51.43184	0.030232385
51.451843	0.02553738
51.471848	0.026188409
51.491856	0.02233457
51.51186	0.016792139
51.531868	0.016412852
51.551872	0.01483311
51.571877	0.01585739
51.591885	0.02101537
51.61189	0.020029396
51.631893	0.016775763
51.6519	0.016460693
51.671906	0.01200028
51.691914	0.009253988
51.711918	0.016181283
51.731922	0.019873766
51.75193	0.017097296
51.771935	0.014407596
51.79194	0.012630283
51.811947	0.013332548
51.83195	0.01559304
51.85196	0.015370619
51.871964	0.014739085
51.891968	0.013735502
51.911976	0.011991737
51.93198	0.011326956
51.951984	0.013716797
51.971992	0.015284803
51.991997	0.014208913
52.012005	0.015906584
52.03201	0.01402342
52.052013	0.011755003
52.07202	0.012008945
52.092026	0.013530698
52.112034	0.016961914
52.13204	0.015285314
52.152042	0.009555269
52.17205	0.00857923
52.192055	0.010757386
52.21206	0.010450772
52.232067	0.006417594
52.25207	0.006374129
52.27208	0.012096308
52.292084	0.016376302
52.312088	0.019894656
52.332096	0.01628437
52.3521	0.011253079
52.372105	0.014022841
52.392113	0.014061813
52.412117	0.012652718
52.432125	0.01137456
52.45213	0.011621192
52.472134	0.012361676
52.49214	0.014580388
52.512146	0.018306077
52.53215	0.019680044
52.55216	0.01851092
52.572163	0.016477885
52.59217	0.0145518
52.612175	0.013737377
52.63218	0.013914742
52.652187	0.014012047
52.67219	0.013942027
52.692196	0.013928845
52.712204	0.016448958
52.73221	0.016759085
52.752216	0.012254065
52.77222	0.013474917
52.792225	0.013467144
52.812233	0.013185877
52.832237	0.020837551
52.852245	0.022882627
52.87225	0.01709179
52.892254	0.012876562
52.912262	0.013499055
52.932266	0.014460322
52.95227	0.013664129
52.97228	0.01323069
52.992283	0.012298431
53.01229	0.010520476
53.032295	0.011156419
53.0523	0.013209479
53.072308	0.012913205
53.09231	0.011038669
53.112316	0.009187348
53.132324	0.008494771
53.15233	0.010778225
53.172337	0.012262248
53.19234	0.01353578
53.212345	0.011829083
53.232353	0.006769219
53.252357	0.00798473
53.27236	0.01366762
53.29237	0.01451421
53.312374	0.014894197
53.332382	0.013312757
53.352386	0.00848404
53.37239	0.00975669
53.3924	0.014046016
53.412403	0.014314124
53.432407	0.013734853
53.452415	0.01266655
53.47242	0.010846267
53.492428	0.008902488
53.512432	0.00817928
53.532436	0.008055992
53.552444	0.008953664
53.57245	0.010581153
53.592457	0.011063814
53.61246	0.011934177
53.632465	0.013254922
53.652473	0.013407961
53.672478	0.015389759
53.692482	0.019567223
53.71249	0.019146519
53.732494	0.014999622
53.752502	0.014453627
53.772507	0.017334621
53.79251	0.01973188
53.81252	0.022461519
53.832523	0.024928348
53.852528	0.030595532
53.872536	0.036954403
53.89254	0.036470816
53.912548	0.032313164
53.932552	0.03244365
53.952557	0.036139254
53.972565	0.035904355
53.99257	0.04325844
54.012573	0.0502025
54.03258	0.042976644
54.052586	0.037553694
54.072594	0.0565313
54.092598	0.07888377
54.112602	0.08660761
54.13261	0.08549875
54.152615	0.08807443
54.17262	0.09681007
54.192627	0.10115968
54.21263	0.10063202
54.23264	0.082952
54.252644	0.0592206
54.272648	0.04854782
54.292656	0.04565942
54.31266	0.042756174
54.33267	0.0451335
54.352673	0.047564194
54.372677	0.0404318
54.392685	0.02790238
54.41269	0.026185606
54.432693	0.03188653
54.4527	0.03209251
54.472706	0.025033511
54.492714	0.016635051
54.51272	0.016905742
54.532722	0.02752309
54.55273	0.029121425
54.572735	0.020153234
54.59274	0.02223536
54.612747	0.028325792
54.63275	0.026814839
54.65276	0.030263111
54.672764	0.035320148
54.69277	0.04050514
54.712776	0.04875238
54.73278	0.0477992
54.752785	0.03507641
54.772793	0.02603844
54.792797	0.023442762
54.812805	0.026798222
54.83281	0.029828254
54.852814	0.02563609
54.87282	0.026677528
54.892826	0.028892953
54.91283	0.026659831
54.93284	0.025435008
54.952843	0.02173406
54.97285	0.018723603
54.992855	0.018655635
55.01286	0.01776209
55.032867	0.015789667
55.05287	0.016076747
55.07288	0.017877338
55.092884	0.01855246
55.11289	0.017917387
55.132896	0.01724572
55.1529	0.018817764
55.172905	0.031068893
55.192913	0.032836802
55.212917	0.019475631
55.232925	0.02041724
55.25293	0.03506959
55.272934	0.043878753
55.292942	0.046733074
55.312946	0.051901408
55.33295	0.06129539
55.35296	0.07106476
55.372963	0.06840806
55.39297	0.07015807
55.412975	0.08492415
55.43298	0.08927136
55.452988	0.07880947
55.472992	0.07743386
55.492996	0.09006118
55.513004	0.08785095
55.53301	0.08242758
55.553017	0.07447212
55.57302	0.0648408
55.593025	0.06839721
55.613033	0.06292187
55.633038	0.060268607
55.65304	0.06950301
55.67305	0.07276298
55.693054	0.0676818
55.713062	0.061387353
55.733067	0.0482645
55.75307	0.034893088
55.77308	0.03613877
55.793083	0.045035716
55.81309	0.05074971
55.833096	0.05193063
55.8531	0.0457575
55.873108	0.03756332
55.893112	0.03995189
55.913116	0.054404438
55.933125	0.062210094
55.95313	0.063822314
55.973137	0.06935271
55.99314	0.064655766
56.013145	0.05186419
56.033154	0.04871338
56.053158	0.05382344
56.073162	0.057876974
56.09317	0.05125135
56.113174	0.046249803
56.133183	0.044178754
56.153187	0.038591005
56.17319	0.033847556
56.1932	0.025655128
56.213203	0.01971796
56.233208	0.018653382
56.253216	0.019779216
56.27322	0.017788174
56.29323	0.018882604
56.313232	0.02750219
56.333237	0.031847034
56.353245	0.027429935
56.37325	0.021755567
56.393253	0.028927917
56.41326	0.039502982
56.433266	0.04613008
56.453274	0.05694614
56.473278	0.06639871
56.493282	0.0717212
56.51329	0.074173845
56.533295	0.065349095
56.553303	0.059208
56.573307	0.05940904
56.59331	0.057123546
56.61332	0.050512016
56.633324	0.046177402
56.653328	0.049716987
56.673336	0.056350585
56.69334	0.051426403
56.71335	0.03600168
56.733353	0.035980884
56.753357	0.037426565
56.773365	0.027917493
56.79337	0.01927958
56.813374	0.016960919
56.83338	0.019790886
56.853386	0.0210359
56.873394	0.019527042
56.8934	0.023309331
56.913403	0.025481237
56.93341	0.018265719
56.953415	0.010645729
56.97342	0.015462955
56.993427	0.022803215
57.01343	0.020951474
57.03344	0.018708508
57.053444	0.023710785
57.07345	0.024653265
57.093456	0.027686147
57.11346	0.034318037
57.133465	0.034065112
57.153473	0.044021625
57.173477	0.047939926
57.193485	0.051764116
57.21349	0.06313235
57.233494	0.07227703
57.2535	0.07501042
57.273506	0.064230405
57.293514	0.058944926
57.31352	0.0637656
57.333523	0.059334937
57.35353	0.04898782
57.373535	0.045567848
57.39354	0.04619508
57.413548	0.046945654
57.43355	0.046674486
57.45356	0.04528791
57.473564	0.036270097
57.49357	0.024018008
57.513577	0.02215381
57.53358	0.020155137
57.553585	0.017817348
57.573593	0.02268364
57.593597	0.026508823
57.613605	0.02690328
57.63361	0.02455016
57.653614	0.018150926
57.673622	0.01574453
57.693626	0.018348524
57.71363	0.015500578
57.73364	0.013797261
57.753643	0.020453017
57.77365	0.019466486
57.793655	0.014606584
57.81366	0.018807592
57.833668	0.025001926
57.853672	0.024822123
57.873676	0.02728473
57.893684	0.035207007
57.91369	0.036659345
57.933697	0.042205732
57.9537	0.045707826
57.973705	0.04179472
57.993713	0.04079262
58.013718	0.03961935
58.033726	0.03370945
58.05373	0.026771843
58.073734	0.023263142
58.093742	0.021039318
58.113747	0.020630864
58.13375	0.025795413
58.15376	0.029199934
58.173763	0.021587351
58.19377	0.015297405
58.213776	0.02262357
58.23378	0.025496194
58.253788	0.023462113
58.273792	0.02121576
58.293797	0.020693932
58.313805	0.026566396
58.33381	0.02904754
58.353817	0.032172225
58.37382	0.036039654
58.393826	0.03671088
58.413834	0.028873576
58.433838	0.021163058
58.453842	0.019861994
58.47385	0.025052007
58.493855	0.028701678
58.513863	0.026058896
58.533867	0.022834264
58.55387	0.016954642
58.57388	0.012592114
58.593884	0.01199922
58.613888	0.015118656
58.633896	0.017957535
58.6539	0.01334476
58.67391	0.008613639
58.693913	0.013983353
58.713917	0.018076068
58.733925	0.013092227
58.75393	0.014571883
58.773937	0.018795036
58.79394	0.017337257
58.813946	0.014711604
58.833954	0.011356154
58.85396	0.011531992
58.873962	0.01349989
58.89397	0.009943213
58.913975	0.013297197
58.933983	0.015475816
58.953987	0.018011054
58.97399	0.020997867
58.994	0.014043433
59.014004	0.014544019
59.034008	0.019039586
59.054016	0.014500246
59.07402	0.014442827
59.09403	0.022054361
59.114033	0.024631616
59.134037	0.02192039
59.154045	0.017793186
59.17405	0.01788423
59.194054	0.01725941
59.21406	0.012561427
59.234066	0.014346188
59.254074	0.018445954
59.27408	0.018176503
59.294083	0.020880045
59.31409	0.020864198
59.334095	0.01107135
59.3541	0.009088238
59.374107	0.015604827
59.39411	0.02408293
59.41412	0.023386398
59.434124	0.01992073
59.45413	0.0257376
59.474136	0.033156704
59.49414	0.035813857
59.51415	0.031010993
59.534153	0.026002595
59.554157	0.028710168
59.574165	0.037560128
59.59417	0.03872057
59.614174	0.03583899
59.634182	0.04947318
59.654186	0.060359266
59.674194	0.064558715
59.6942	0.06776033
59.714203	0.07821067
59.73421	0.09796776
59.754215	0.111020006
59.77422	0.12020037
59.794228	0.11940507
59.81423	0.10147591
59.83424	0.09263193
59.854244	0.100347035
59.87425	0.11344585
59.894257	0.11084412
59.91426	0.08831786
59.934265	0.08262692
59.954273	0.08921485
59.974277	0.08534127
59.994286	0.07676789
60.01429	0.062268965
60.034294	0.05743183
60.054302	0.069061555
60.074306	0.07002337
60.09431	0.07272537
60.11432	0.07822073
60.134323	0.0710676
60.15433	0.05640307
60.174335	0.046397384
60.19434	0.040914148
60.214348	0.037563644
60.234352	0.036036342
60.25436	0.031070117
60.274364	0.02205075
60.29437	0.019044122
60.314377	0.025012538
60.33438	0.032563582
60.354385	0.027562922
60.374393	0.020749563
60.394398	0.019995207
60.414406	0.02191878
60.43441	0.020232208
60.454414	0.015652673
60.474422	0.016222596
60.494427	0.015568838
60.51443	0.013945293
60.53444	0.017807988
60.554443	0.01823215
60.57445	0.013575222
60.594456	0.013459385
60.61446	0.015662434
60.634468	0.012299692
60.654472	0.010748538
60.674477	0.016355302
60.694485	0.018538453
60.71449	0.019944366
60.734497	0.021653522
60.7545	0.017079776
60.774506	0.011076276
60.794514	0.009864283
60.814518	0.013962836
60.834522	0.015529095
60.85453	0.012926408
60.874535	0.009371981
60.894543	0.007158472
60.914547	0.010458057
60.93455	0.011903517
60.95456	0.010421673
60.974564	0.016471667
60.99457	0.022627085
61.014576	0.021454277
61.03458	0.0175212
61.05459	0.013593693
61.074593	0.017037524
61.094597	0.015757693
61.114605	0.013268539
61.13461	0.013788592
61.154617	0.012793579
61.17462	0.016447295
61.194626	0.018977223
61.214634	0.020310272
61.23464	0.022138879
61.254642	0.021130258
61.27465	0.021946857
61.294655	0.020785041
61.314663	0.028600002
61.334667	0.038401544
61.35467	0.03751679
61.37468	0.04169578
61.394684	0.046027943
61.41469	0.05380445
61.434696	0.063253425
61.4547	0.06384683
61.47471	0.058795404
61.494713	0.047762033
61.514717	0.04009181
61.534725	0.036331806
61.55473	0.03517763
61.574734	0.04537874
61.59474	0.044186156
61.614746	0.04321604
61.634754	0.054495923
61.65476	0.054124385
61.674763	0.04499035
61.69477	0.036579415
61.714775	0.03499189
61.734783	0.04168409
61.754787	0.041733645
61.77479	0.030737802
61.7948	0.021270808
61.814804	0.022566693
61.83481	0.027644198
61.854816	0.029298319
61.87482	0.029973779
61.89483	0.02834504
61.914833	0.035147242
61.934837	0.038005568
61.954845	0.034923553
61.97485	0.03679632
61.994854	0.037172843
62.014862	0.040020682
62.034866	0.044145364
62.054874	0.048570782
62.07488	0.052055903
62.094883	0.04777185
62.11489	0.044883005
62.134895	0.043939896
62.1549	0.03407479
62.174908	0.034916423
62.194912	0.0395249
62.21492	0.028339846
62.234924	0.02508867
62.25493	0.034899425
62.274937	0.032739304
62.29494	0.028404338
62.314945	0.0272559
62.334953	0.022041965
62.354958	0.014937894
62.374966	0.01111083
62.39497	0.014419328
62.414974	0.026702348
62.434982	0.030699015
62.454987	0.022976095
62.474995	0.01527664
62.495	0.01533366
62.515003	0.020451734
62.53501	0.023226095
62.555016	0.016693024
62.57502	0.020172115
62.595028	0.030195924
62.615032	0.027889919
62.63504	0.01762268
62.655045	0.013050852
62.67505	0.017183594
62.695057	0.021643186
62.71506	0.022496812
62.735065	0.023707295
62.755074	0.023931481
62.775078	0.025472635
62.795086	0.0381053
62.81509	0.048549533
62.835094	0.056695264
62.855103	0.065922834
62.875107	0.07318489
62.89511	0.07804656
62.91512	0.08126205
62.935123	0.09195859
62.95513	0.084311895
62.975136	0.068409815
62.99514	0.06031484
63.01515	0.055968184
63.035152	0.05952933
63.05516	0.059330866
63.075165	0.057681184
63.09517	0.048927918
63.115177	0.033419043
63.13518	0.023243027
63.155186	0.025955044
63.175194	0.024636488
63.195198	0.025501113
63.215206	0.025753556
63.23521	0.022849355
63.255215	0.02376729
63.275223	0.019762402
63.295227	0.016769009
63.31523	0.021061214
63.33524	0.025473999
63.355244	0.023791293
63.37525	0.01738044
63.395256	0.01292441
63.41526	0.013931879
63.43527	0.01481508
63.455273	0.013520327
63.475277	0.018980226
63.495285	0.019316284
63.51529	0.014884354
63.535297	0.013598845
63.5553	0.012227056
63.575306	0.009219633
63.595314	0.011474288
63.61532	0.012350823
63.635323	0.008145672
63.65533	0.009748987
63.675335	0.013419222
63.695343	0.014220762
63.715347	0.01429985
63.73535	0.011460366
63.75536	0.009185066
63.775364	0.010107422
63.795372	0.013368225
63.815376	0.014252436
63.83538	0.014155792
63.85539	0.018551627
63.875393	0.021333706
63.895397	0.024405522
63.915405	0.02502688
63.93541	0.023387425
63.955418	0.017412568
63.97542	0.011452137
63.995426	0.01161906
64.015434	0.016160673
64.03544	0.020541204
64.05544	0.022882244
64.07545	0.024816165
64.09546	0.024951546
64.11546	0.024885708
64.13547	0.027627371
64.15547	0.031002555
64.175476	0.02451696
64.19549	0.020705516
64.21549	0.021848187
64.2355	0.022502266
64.2555	0.026926389
64.275505	0.032552656
64.29551	0.035343535
64.31552	0.03896967
64.335526	0.045215305
64.35553	0.04516902
64.375534	0.03304065
64.39554	0.024675481
64.41555	0.022973206
64.435555	0.022991171
64.45556	0.024586428
64.47556	0.0236188
64.49557	0.020030398
64.51558	0.019374026
64.53558	0.024106288
64.55559	0.02888612
64.57559	0.023383865
64.5956	0.015409145
64.61561	0.012487858
64.63561	0.012238219
64.65562	0.01517325
64.67562	0.014580094
64.695625	0.014170446
64.71563	0.01588111
64.73564	0.017608507
64.755646	0.013329361
64.77565	0.010798372
64.795654	0.017581299
64.81566	0.019422948
64.83567	0.016566632
64.855675	0.014235394
64.87568	0.012406313
64.89568	0.014874155
64.91569	0.014193689
64.9357	0.013923383
64.9557	0.018488023
64.97571	0.019590953
64.99571	0.017888725
65.01572	0.018808555
65.03572	0.023759512
65.05573	0.023470167
65.07574	0.024276799
65.09574	0.02160666
65.115746	0.013765461
65.13575	0.010381517
65.15576	0.00995048
65.175766	0.015550884
65.19577	0.024243526
65.215775	0.026844848
65.23578	0.022700742
65.25579	0.021188043
65.275795	0.019437283
65.2958	0.021639165
65.3158	0.029243462
65.33581	0.023948431
65.35582	0.01892923
65.375824	0.024171818
65.39583	0.030468116
65.41583	0.037391555
65.43584	0.039818168
65.45584	0.032064322
65.47585	0.033031024
65.49586	0.03933031
65.51586	0.0348081
65.535866	0.025892833
65.55587	0.022455055
65.57588	0.025257183
65.59589	0.027674204
65.61589	0.026431482
65.635895	0.027893528
65.6559	0.03309981
65.67591	0.042089935
65.695915	0.042171698
65.71592	0.030919395
65.73592	0.040430356
65.75593	0.05772389
65.77593	0.06471809
65.795944	0.06803919
65.81595	0.058675386
65.83595	0.050406888
65.85596	0.04558348
65.87596	0.040494215
65.89597	0.03786749
65.91598	0.034340587
65.93598	0.038581483
65.955986	0.039788038
65.97599	0.036876675
65.996	0.036006372
66.01601	0.03790421
66.03601	0.046211507
66.056015	0.045994617
66.07602	0.03741539
66.09603	0.030915894
66.116035	0.018984957
66.13604	0.021488177
66.156044	0.027182091
66.17605	0.03445974
66.19605	0.03716582
66.216064	0.03710051
66.23607	0.047879577
66.25607	0.05012624
66.27608	0.042540204
66.29608	0.04521361
66.31609	0.05654388
66.3361	0.061591346
66.3561	0.052319475
66.37611	0.04020495
66.39611	0.048677847
66.41612	0.052691232
66.43613	0.041660655
66.45613	0.03500329
66.476135	0.03753164
66.49614	0.038768504
66.51614	0.022061996
66.536156	0.022661643
66.55616	0.032000367
66.576164	0.027669145
66.59617	0.021965025
66.61617	0.020324929
66.636185	0.019412141
66.65619	0.017843701
66.67619	0.01956327
66.6962	0.018833254
66.7162	0.02208062
66.73621	0.022599537
66.75622	0.017208237
66.77622	0.010530044
66.79623	0.007287167
66.81623	0.010522157
66.83624	0.016494455
66.85625	0.020449394
66.87625	0.02114591
66.896255	0.019960182
66.91626	0.018169701
66.936264	0.012057065
66.956276	0.008082531
66.97628	0.013237863
66.996284	0.013392742
67.01629	0.011748089
67.03629	0.008408477
67.056305	0.006257549
67.07631	0.011755249
67.09631	0.011646767
67.11632	0.011207277
67.13632	0.01413097
67.156334	0.010217587
67.17634	0.009516946
67.19634	0.0154067
67.21635	0.015304221
67.23635	0.011807114
67.256355	0.014097708
67.27637	0.017711654
67.29637	0.019804431
67.316376	0.017012544
67.33638	0.016220996
67.356384	0.017505666
67.376396	0.013140901
67.3964	0.009127038
67.416405	0.008536794
67.43641	0.011534445
67.45641	0.019519078
67.476425	0.01803525
67.49643	0.012809676
67.51643	0.014702388
67.53644	0.018436074
67.55644	0.023292707
67.576454	0.01964737
67.59646	0.013931125
67.61646	0.017507868
67.63647	0.020004192
67.65647	0.01874038
67.676476	0.015152869
67.69649	0.015836349
67.71649	0.017814526
67.736496	0.016630994
67.7565	0.016278198
67.776505	0.019228896
67.79652	0.019863384
67.81652	0.016848067
67.836525	0.013155576
67.85653	0.015542113
67.87653	0.016430706
67.896545	0.019600378
67.91655	0.02017469
67.936554	0.009639929
67.95656	0.010740789
67.97656	0.01756617
67.99657	0.017373757
68.01658	0.015520252
68.03658	0.015305372
68.05659	0.013943912
68.07659	0.009249945
68.096596	0.011167198
68.11661	0.011993254
68.13661	0.01214046
68.15662	0.013830151
68.17662	0.017239269
68.196625	0.0162106
68.21664	0.014382113
68.23664	0.014104216
68.256645	0.017196389
68.27665	0.02081509
68.29665	0.015435996
68.316666	0.014102516
68.33667	0.013998204
68.356674	0.014216034
68.37668	0.018816728
68.39668	0.015085186
68.41669	0.012764963
68.4367	0.020325337
68.4567	0.021665875
68.47671	0.015664505
68.49671	0.016047267
68.516716	0.014909033
68.53673	0.011759384
68.55673	0.006903499
68.57674	0.004794291
68.59674	0.008719729
68.616745	0.009626567
68.63676	0.009671049
68.65676	0.014177143
68.676765	0.016514009
68.69677	0.018323682
68.716774	0.016740091
68.73678	0.010217317
68.75679	0.010605596
68.776794	0.01555148
68.7968	0.011904928
68.8168	0.009327912
68.83681	0.013563195
68.85682	0.016243983
68.87682	0.021264372
68.89683	0.020423673
68.91683	0.0249166
68.93684	0.027363453
68.95685	0.027432669
68.97685	0.023961402
68.99686	0.018564023
69.01686	0.025518905
69.036865	0.023473913
69.05688	0.021010946
69.07688	0.023622531
69.096886	0.01949709
69.11689	0.01684051
69.136894	0.019436406
69.1569	0.018291872
69.17691	0.018067738
69.196915	0.018071631
69.21692	0.016267672
69.23692	0.014392362
69.25693	0.015827013
69.27694	0.019393481
69.29694	0.018414062
69.31695	0.01669471
69.33695	0.015032972
69.35696	0.016468374
69.37697	0.01363316
69.39697	0.013417453
69.41698	0.016658634
69.43698	0.011151308
69.456985	0.011475721
69.47699	0.01344291
69.497	0.012269237
69.517006	0.01515027
69.53701	0.012327949
69.557014	0.010346356
69.57702	0.014925403
69.59703	0.014204396
69.617035	0.013786698
69.63704	0.015223581
69.65704	0.015629305
69.67705	0.020436583
69.69706	0.024178922
69.717064	0.02168168
69.73707	0.0195435
69.75707	0.019104104
69.77708	0.015760532
69.79709	0.015428646
69.81709	0.020186586
69.8371	0.01951686
69.8571	0.020700952
69.877106	0.014581092
69.89711	0.012037908
69.91712	0.01659586
69.937126	0.01404759
69.95713	0.010547278
69.977135	0.00736485
69.99714	0.014477077
70.01715	0.018638764
70.037155	0.01283084
70.05716	0.011872309
70.07716	0.013484655
70.09717	0.018637521
70.11718	0.02387254
70.137184	0.02303506
70.15719	0.019415248
70.17719	0.017206209
70.1972	0.020272732
70.2172	0.02225239
70.23721	0.019119956
70.25722	0.013488075
70.27722	0.014456846
70.297226	0.019585527
70.31723	0.017135583
70.33724	0.016295498
70.35725	0.0131162
70.37725	0.012939939
70.397255	0.017832024
70.41726	0.015119732
70.43727	0.01155225
70.457275	0.017563377
70.47728	0.018627
70.497284	0.015348101
70.51729	0.018193332
70.5373	0.020361915
70.557304	0.020628171
70.57731	0.020706646
70.59731	0.015921028
70.61732	0.01060024
70.63732	0.011558248
70.65733	0.018249512
70.67734	0.019179242
70.69734	0.012913981
70.71735	0.011927614
70.73735	0.013598066
70.75736	0.014002601
70.77737	0.010754936
70.79737	0.010341596
70.817375	0.018279614
70.83738	0.01783551
70.85739	0.014396148
70.877396	0.015273294
70.8974	0.015312872
70.917404	0.010570321
70.93741	0.013178235
70.95741	0.023129748
70.977425	0.016108038
70.99743	0.013426046
71.01743	0.023185264
71.03744	0.024498293
71.05744	0.027354026
71.07745	0.03248864
71.09746	0.034825794
71.11746	0.04283207
71.13747	0.035359737
71.15747	0.027008347
71.17748	0.034008242
71.19749	0.034751765
71.21749	0.035865404
71.237495	0.028912278
71.2575	0.030221483
71.27751	0.042428505
71.297516	0.05244916
71.31752	0.056395072
71.337524	0.058552172
71.35753	0.052208398
71.37753	0.045696452
71.397545	0.04173033
71.41755	0.03787475
71.43755	0.037349083
71.45756	0.0328634
71.47756	0.029204462
71.497574	0.020817656
71.51758	0.019895248
71.53758	0.03115706
71.55759	0.028232578
71.57759	0.018063188
71.5976	0.016859563
71.61761	0.013705142
71.63761	0.018624132
71.657616	0.022536492
71.67762	0.018353418
71.697624	0.016015671
71.717636	0.016024508
71.73764	0.011550556
71.757645	0.014301252
71.77765	0.014618246
71.79765	0.014755026
71.817665	0.014764604
71.83767	0.014868803
71.85767	0.02237473
71.87768	0.020228839
71.89768	0.010643478
71.917694	0.012469508
71.9377	0.012482757
71.9577	0.010969947
71.97771	0.018848691
71.99771	0.024335777
72.01772	0.023465717
72.03773	0.02133452
72.05773	0.019386133
72.077736	0.017465146
72.09774	0.020314137
72.117744	0.018829243
72.13776	0.018795954
72.15776	0.028507568
72.177765	0.028153783
72.19777	0.024415327
72.21777	0.022108637
72.237785	0.016704889
72.25779	0.017594075
72.277794	0.01950114
72.2978	0.014432598
72.3178	0.012232059
72.337814	0.018277094
72.35782	0.020421384
72.37782	0.018640742
72.39783	0.016244851
72.41783	0.019031776
72.437836	0.020833017
72.45785	0.019106187
72.47785	0.021905508
72.497856	0.020332446
72.51786	0.021727432
72.537865	0.02355945
72.55788	0.021881292
72.57788	0.021469412
72.597885	0.019875152
72.61789	0.02180517
72.63789	0.025337672
72.657906	0.019184314
72.67791	0.015685372
72.697914	0.02072497
72.71792	0.014648427
72.73792	0.013940254
72.757935	0.019364644
72.77794	0.023347428
72.79794	0.023544397
72.81795	0.020080043
72.83795	0.018099545
72.857956	0.014845237
72.87797	0.018228905
72.89797	0.020115096
72.91798	0.018864406
72.93798	0.018848961
72.957985	0.018870274
72.978	0.01210443
72.998	0.016724765
73.018005	0.024048487
73.03801	0.02314407
73.058014	0.024506837
73.078026	0.02142426
73.09803	0.017993232
73.118034	0.019406712
73.13804	0.028443217
73.15804	0.03094448
73.17805	0.029640866
73.19806	0.032821022
73.21806	0.031772427
73.23807	0.021817196
73.25807	0.015765741
73.278076	0.015360241
73.29809	0.015320796
73.31809	0.018953856
73.3381	0.014127849
73.3581	0.018588943
73.378105	0.020363005
73.39812	0.011948305
73.41812	0.017675718
73.438126	0.021636708
73.45813	0.021912951
73.478134	0.026478687
73.498146	0.020282805
73.51815	0.016274892
73.538155	0.019049644
73.55816	0.019387709
73.57816	0.026531845
73.59817	0.02855369
73.61818	0.023291226
73.63818	0.026316715
73.65819	0.033164576
73.67819	0.028729169
73.6982	0.01935587
73.71821	0.01739552
73.73821	0.017448816
73.75822	0.0193652
73.77822	0.019178586
73.798225	0.021029502
73.81824	0.021303179
73.83824	0.022835972
73.858246	0.019378087
73.87825	0.017415473
73.898254	0.022469305
73.91826	0.021529144
73.93827	0.023129152
73.958275	0.021534903
73.97828	0.010719124
73.99828	0.017905045
74.01829	0.02176365
74.0383	0.012447286
74.058304	0.014846725
74.07831	0.013753872
74.09831	0.015380117
74.11832	0.023871243
74.13833	0.024491679
74.15833	0.01755512
74.17834	0.01231834
74.19834	0.02036693
74.218346	0.022950446
74.23836	0.021366293
74.25836	0.01948517
74.278366	0.014463772
74.29837	0.012788701
74.318375	0.017860854
74.33838	0.012923565
74.35839	0.011186939
74.378395	0.016296124
74.3984	0.014966782
74.4184	0.01292508
74.43841	0.014553117
74.45842	0.023529947
74.478424	0.026892738
74.49843	0.01885588
74.51843	0.016389707
74.53844	0.019703194
74.55845	0.016439632
74.57845	0.016162429
74.59846	0.018107709
74.61846	0.019913396
74.638466	0.020102262
74.65847	0.016408589
74.67848	0.011545977
74.69849	0.014507243
74.71849	0.023466587
74.738495	0.029659662
74.7585	0.0376048
74.77851	0.03169466
74.798515	0.02057421
74.81852	0.026699955
74.838524	0.028565805
74.85853	0.023253813
74.87854	0.022493355
74.898544	0.016488744
74.91855	0.014451986
74.93855	0.02643285
74.95856	0.029857468
74.97857	0.020798918
74.99857	0.022863569
75.01858	0.030045656
75.03858	0.026141278
75.058586	0.018018613
75.07859	0.02364509
75.0986	0.03617708
75.11861	0.037555788
75.13861	0.029369177
75.158615	0.03314152
75.17862	0.043925785
75.19863	0.039863482
75.218636	0.036505613
75.23864	0.0488607
75.258644	0.056330867
75.27865	0.06406857
75.29866	0.059330147
75.318665	0.0449303
75.33867	0.058469493
75.35867	0.05649731
75.37868	0.04133292
75.39868	0.04330313
75.41869	0.047770336
75.4387	0.04251119
75.4587	0.042121086
75.47871	0.042597733
75.49871	0.0431467
75.51872	0.054205004
75.53873	0.041587725
75.55873	0.030483354
75.578735	0.03838385
75.59874	0.038537644
75.61875	0.02699882
75.638756	0.02963952
75.65876	0.0342709
75.678764	0.029781803
75.69877	0.026669854
75.71878	0.02202871
75.738785	0.022800889
75.75879	0.022604149
75.77879	0.025381777
75.7988	0.021363808
75.8188	0.014531898
75.83881	0.018439196
75.85882	0.01684304
75.87882	0.017252265
75.89883	0.021090835
75.91883	0.026719483
75.93884	0.026839327
75.95885	0.026444508
75.97885	0.034145992
75.998856	0.03447063
76.01886	0.038277954
76.03887	0.03828629
76.058876	0.03308784
76.07888	0.029015692
76.098885	0.02266145
76.11889	0.020836294
76.13889	0.024718873
76.158905	0.032186184
76.17891	0.035936806
76.19891	0.030698871
76.21892	0.02871916
76.23892	0.03711372
76.258934	0.028658833
76.27894	0.024630455
76.29894	0.030142598
76.31895	0.031143486
76.33895	0.03766427
76.35896	0.033146642
76.37897	0.02084897
76.39897	0.014335227
76.418976	0.018460473
76.43898	0.02235119
76.45899	0.022856103
76.479	0.032191064
76.499	0.03666498
76.519005	0.04185409
76.53901	0.038564354
76.55901	0.020725813
76.579025	0.02121069
76.59903	0.026757566
76.61903	0.020105349
76.63904	0.014381964
76.65904	0.015294757
76.679054	0.014038761
76.69906	0.014051562
76.71906	0.017493209
76.73907	0.023043433
76.75907	0.026709242
76.77908	0.025295654
76.79909	0.023067784
76.81909	0.01587546
76.839096	0.015736775
76.8591	0.023052797
76.879105	0.024655359
76.89912	0.014194571
76.91912	0.009188595
76.939125	0.015883863
76.95913	0.0196284
76.97913	0.01784781
76.999146	0.016158178
77.01915	0.010847729
77.039154	0.007522698
77.05916	0.010332818
77.07916	0.01770363
77.099174	0.019787718
77.11918	0.021169854
77.13918	0.016066127
77.15919	0.012392151
77.17919	0.013930084
77.1992	0.012439103
77.21921	0.017881062
77.23921	0.025959788
77.25922	0.023425888
77.27922	0.012696281
77.299225	0.007652563
77.31924	0.010392089
77.33924	0.021234987
77.359245	0.02811367
77.37925	0.02680182
77.399254	0.026392845
77.419266	0.024600103
77.43927	0.02064474
77.459274	0.022033118
77.47928	0.020174779
77.49928	0.025949657
77.519295	0.03093937
77.5393	0.024128675
77.5593	0.01344896
77.57931	0.018381407
77.59931	0.022306854
77.619316	0.01507377
77.63933	0.016751505
77.65933	0.020370986
77.67934	0.018651469
77.69934	0.014796508
77.719345	0.01464788
77.73936	0.014972381
77.75936	0.020429067
77.779366	0.021879103
77.79937	0.013489892
77.819374	0.013261448
77.839386	0.011515442
77.85939	0.008365278
77.879395	0.018707875
77.8994	0.025390374
77.9194	0.018809825
77.939415	0.011280908
77.95942	0.011297052
77.97942	0.020174349
77.99943	0.023593953
78.01943	0.01980757
78.03944	0.019682938
78.05945	0.021716597
78.07945	0.02346158
78.09946	0.023399146
78.11946	0.019788805
78.139465	0.017905535
78.15948	0.018022927
78.17948	0.01620004
78.199486	0.021870347
78.21949	0.020223936
78.239494	0.018540807
78.25951	0.020380763
78.27951	0.015207415
78.299515	0.01363346
78.31952	0.017324498
78.33952	0.013526483
78.35953	0.013464622
78.37954	0.020813234
78.39954	0.026345856
78.41955	0.028464492
78.43955	0.024582034
78.45956	0.024700014
78.47957	0.019248277
78.49957	0.015464282
78.51958	0.012380148
78.53958	0.012367699
78.559586	0.014357517
78.5796	0.018036883
78.5996	0.019938864
78.619606	0.012500452
78.63961	0.010610278
78.659615	0.017704431
78.67963	0.014335004
78.69963	0.010890869
78.719635	0.01969807
78.73964	0.023281414
78.75964	0.013904342
78.77965	0.013962259
78.79966	0.020880476
78.819664	0.02695491
78.83967	0.030349458
78.85967	0.028389942
78.87968	0.024376523
78.89969	0.029720128
78.91969	0.022094294
78.9397	0.015610637
78.9597	0.03295302
78.979706	0.03362024
78.99972	0.033216655
79.01972	0.034953345
79.03973	0.03319455
79.05973	0.029204728
79.079735	0.014926423
79.09974	0.016520718
79.11975	0.02588928
79.139755	0.020477943
79.15976	0.018862484
79.17976	0.018808367
79.19977	0.016849663
79.21978	0.013111766
79.239784	0.01695673
79.25979	0.02738791
79.27979	0.020760693
79.2998	0.01177166
79.31981	0.013645712
79.33981	0.012152557
79.35982	0.019545795
79.37982	0.019349702
79.399826	0.009075504
79.41984	0.014436071
79.43984	0.01448616
79.45985	0.012730002
79.47985	0.012664775
79.499855	0.014595752
79.51986	0.016531093
79.53987	0.014792637
79.559875	0.018465409
79.57988	0.020533249
79.599884	0.009728863
79.61989	0.006588851
79.6399	0.01010975
79.659904	0.012185303
79.67991	0.012128249
79.69991	0.010327085
79.71992	0.013900599
79.73993	0.015927758
79.75993	0.010363311
79.77994	0.010438175
79.79994	0.010592883
79.81995	0.014385806
79.83995	0.01732978
79.85996	0.010198522
79.87997	0.008448007
79.89997	0.008307006
79.919975	0.008335165
79.93998	0.01160428
79.95999	0.011379021
79.979996	0.013385731
80	0.008629519
