10	0.02020282
10.020006	0.022912353
10.040011	0.031443026
10.060018	0.033910602
10.080023	0.034360886
10.100029	0.0310895
10.120034	0.031787384
10.14004	0.029775063
10.160046	0.028910011
10.180052	0.03033388
10.200057	0.030252533
10.220063	0.030381668
10.240068	0.030439023
10.260075	0.033146586
10.28008	0.032963853
10.300086	0.032562636
10.320091	0.032019634
10.340097	0.033969283
10.360103	0.032504924
10.380109	0.032219365
10.400114	0.032509964
10.42012	0.03302524
10.440125	0.032730505
10.460132	0.032644387
10.480137	0.03282452
10.500143	0.033564482
10.520148	0.033508956
10.540154	0.03376367
10.56016	0.03382396
10.580166	0.033867944
10.600171	0.033854347
10.620177	0.033640813
10.6401825	0.03372371
10.660189	0.034013353
10.680194	0.034069646
10.7002	0.033219405
10.720205	0.03325422
10.7402115	0.03332572
10.760218	0.033272106
10.780223	0.032351907
10.800229	0.032580025
10.820234	0.03111645
10.8402405	0.0325675
10.860246	0.032000013
10.880252	0.032101527
10.900257	0.031796042
10.920263	0.030633545
10.9402685	0.030271865
10.960275	0.03168429
10.98028	0.031339157
11.000286	0.031614296
11.020291	0.030886617
11.0402975	0.030802129
11.060303	0.03013482
11.080309	0.029724145
11.100314	0.029702762
11.12032	0.029754233
11.140326	0.029758735
11.160332	0.029876154
11.180337	0.029164592
11.200343	0.030165736
11.220348	0.02888522
11.240355	0.030063605
11.26036	0.030255646
11.280366	0.029973421
11.300371	0.030503245
11.320377	0.029910857
11.340383	0.030041086
11.360389	0.03015951
11.380394	0.030266378
11.4004	0.030259391
11.420405	0.030237459
11.440412	0.030229576
11.460417	0.030353088
11.480423	0.031045685
11.500429	0.030966615
11.520434	0.030839495
11.540441	0.031177187
11.560446	0.031377465
11.580452	0.03065642
11.600457	0.029710406
11.620463	0.028791422
11.640469	0.028355926
11.660475	0.028181843
11.68048	0.027528679
11.700486	0.027173903
11.720491	0.027365562
11.740498	0.026580071
11.760503	0.027167335
11.780509	0.027645927
11.800514	0.027175212
11.82052	0.027079409
11.840526	0.02774153
11.860532	0.026473239
11.880537	0.027192082
11.900543	0.027032973
11.920548	0.027574476
11.940555	0.027675135
11.96056	0.027776793
11.980566	0.026057871
12.000571	0.028554719
12.020577	0.02850274
12.040583	0.028784191
12.060589	0.02942554
12.080594	0.029465972
12.1006	0.02533141
12.120605	0.026928294
12.140612	0.029255861
12.160617	0.02883182
12.180623	0.030025462
12.200628	0.030560259
12.220634	0.03168484
12.240641	0.029517133
12.260646	0.029136566
12.280652	0.02881717
12.300657	0.02839625
12.320663	0.027167834
12.340669	0.028253267
12.360675	0.028197916
12.38068	0.028370362
12.400686	0.029032055
12.4206915	0.029515395
12.440698	0.029146394
12.460703	0.028009856
12.480709	0.028612064
12.500714	0.029357566
12.5207205	0.029320924
12.540726	0.02821647
12.560732	0.030620877
12.580737	0.030388689
12.600743	0.03069529
12.6207485	0.030881377
12.640755	0.031438045
12.66076	0.03138088
12.680766	0.031603727
12.700771	0.030826237
12.7207775	0.031377178
12.740783	0.030701194
12.760789	0.030045643
12.780794	0.029052155
12.8008	0.02789241
12.820806	0.026303712
12.840812	0.02510404
12.860817	0.024120454
12.880823	0.022823773
12.900828	0.022099655
12.920835	0.022111764
12.94084	0.021114659
12.960846	0.021457907
12.980852	0.02128726
13.000857	0.022041144
13.020864	0.021598147
13.040869	0.022939023
13.060875	0.023987435
13.08088	0.024895817
13.100886	0.023214376
13.120892	0.023215221
13.140898	0.023151489
13.160903	0.022287518
13.180909	0.02340262
13.200914	0.022080626
13.220921	0.023639197
13.240926	0.023656314
13.260932	0.024075394
13.280937	0.021830926
13.300943	0.021894122
13.320949	0.02045
13.340955	0.020383075
13.36096	0.021674309
13.380966	0.022118978
13.400971	0.02193745
13.420978	0.022443121
13.440983	0.023398986
13.460989	0.0237104
13.480994	0.02370359
13.501	0.023588235
13.521006	0.02355857
13.541012	0.023066934
13.561017	0.022818003
13.581023	0.022374189
13.601028	0.020179098
13.621035	0.022452377
13.64104	0.022273619
13.661046	0.022615023
13.681051	0.022594389
13.701057	0.022826469
13.721064	0.022978468
13.741069	0.022309419
13.761075	0.022880169
13.78108	0.02259044
13.801086	0.022611124
13.821092	0.022728335
13.841098	0.023561893
13.861103	0.023169165
13.881109	0.023104666
13.901114	0.023367109
13.921121	0.023739694
13.941126	0.023594046
13.961132	0.023430446
13.981137	0.02256614
14.001143	0.021022966
14.021149	0.020623893
14.041155	0.019439891
14.06116	0.018807333
14.081166	0.017754862
14.1011715	0.01725419
14.121178	0.016587505
14.141183	0.01610893
14.161189	0.015363216
14.181194	0.01584258
14.2012005	0.016106421
14.221206	0.016148439
14.241212	0.015422345
14.261217	0.016365757
14.281223	0.015570228
14.301229	0.015804749
14.321235	0.014563202
14.34124	0.014503149
14.361246	0.013940031
14.381251	0.013510705
14.4012575	0.012304265
14.421264	0.013707303
14.441269	0.015519863
14.461275	0.015344184
14.48128	0.012876054
14.5012865	0.012154593
14.521292	0.01270196
14.541298	0.012263648
14.561303	0.012710717
14.581309	0.01331089
14.601315	0.013210383
14.621321	0.014720529
14.641326	0.01390701
14.661332	0.014289864
14.681337	0.014732131
14.701344	0.014630742
14.721349	0.015557003
14.741355	0.015209069
14.76136	0.01594529
14.781366	0.01655737
14.801372	0.016836502
14.821378	0.017288798
14.841383	0.018362863
14.861389	0.018927628
14.881394	0.018378846
14.901401	0.018945597
14.921406	0.019464115
14.941412	0.020494564
14.961417	0.019888971
14.981423	0.01871181
15.001429	0.020115983
15.021435	0.019899752
15.04144	0.020089889
15.061446	0.020224795
15.081451	0.020394607
15.101458	0.020429982
15.121463	0.020189015
15.141469	0.020247418
15.161475	0.020419426
15.18148	0.02077234
15.201487	0.02125145
15.221492	0.021692576
15.241498	0.02206288
15.261503	0.021488331
15.281509	0.022863772
15.301515	0.0221034
15.321521	0.021212976
15.341526	0.019896181
15.361532	0.021715458
15.381537	0.02175221
15.401544	0.022120303
15.421549	0.022910146
15.441555	0.024607476
15.46156	0.02476339
15.481566	0.023623489
15.501572	0.02300166
15.521578	0.023538275
15.541583	0.023503462
15.561589	0.023770977
15.581594	0.022778686
15.601601	0.022875395
15.621606	0.02331215
15.641612	0.022628853
15.661617	0.0233104
15.681623	0.023815392
15.701629	0.024699017
15.721635	0.024147544
15.74164	0.02364866
15.761646	0.022777252
15.7816515	0.023109255
15.801658	0.022302195
15.821663	0.02102836
15.841669	0.021270392
15.861674	0.020273603
15.8816805	0.018970905
15.901687	0.018017186
15.921692	0.018934919
15.941698	0.016882693
15.961703	0.019794967
15.9817095	0.021067135
16.001715	0.020879373
16.02172	0.02242285
16.041727	0.02179316
16.061731	0.021968735
16.081738	0.022671683
16.101744	0.023458628
16.12175	0.023951126
16.141754	0.025407
16.16176	0.0255414
16.181767	0.0258943
16.201773	0.026579944
16.221777	0.02642207
16.241783	0.026157122
16.26179	0.026698165
16.281796	0.027275514
16.3018	0.027137298
16.321806	0.027594283
16.341812	0.027784986
16.361818	0.028556133
16.381823	0.028156536
16.401829	0.02820149
16.421835	0.028058987
16.441841	0.027651317
16.461845	0.027571216
16.481852	0.027761258
16.501858	0.02838414
16.521864	0.02896673
16.541868	0.03020581
16.561874	0.029178932
16.58188	0.028062765
16.601887	0.02769413
16.621891	0.02919264
16.641897	0.029442696
16.661903	0.029717226
16.68191	0.029983288
16.701916	0.029728066
16.72192	0.029241093
16.741926	0.029411597
16.761932	0.029366907
16.781939	0.028947718
16.801943	0.02978634
16.821949	0.029782144
16.841955	0.030225929
16.861961	0.030221779
16.881966	0.030463692
16.901972	0.030880947
16.921978	0.031167122
16.941984	0.030870082
16.961988	0.030957961
16.981995	0.030789567
17.002	0.030873178
17.022007	0.029708462
17.042011	0.029193355
17.062017	0.029750122
17.082024	0.028898211
17.10203	0.028606905
17.122034	0.028265206
17.14204	0.027989456
17.162046	0.027321413
17.182053	0.025665022
17.202057	0.025376145
17.222063	0.024550548
17.24207	0.024870632
17.262075	0.024356175
17.28208	0.02499613
17.302086	0.025144981
17.322092	0.025813464
17.342098	0.02572341
17.362103	0.025582297
17.382109	0.026315564
17.402115	0.027147237
17.422121	0.028091453
17.442127	0.027799198
17.462132	0.02813491
17.482138	0.02814487
17.502144	0.028306821
17.52215	0.02956028
17.542154	0.027911529
17.56216	0.028863052
17.582167	0.029090162
17.602173	0.029363854
17.622177	0.029027982
17.642183	0.029706404
17.66219	0.029946078
17.682196	0.0306174
17.7022	0.032025937
17.722206	0.033221886
17.742212	0.0326388
17.762218	0.03181821
17.782223	0.0314688
17.802229	0.030267972
17.822235	0.030093184
17.842241	0.032252777
17.862246	0.0315298
17.882252	0.029987764
17.902258	0.02880978
17.922264	0.02941707
17.942268	0.030797873
17.962275	0.029891212
17.98228	0.028485492
18.002287	0.029889006
18.022291	0.030677661
18.042297	0.033191107
18.062304	0.03258022
18.08231	0.030450035
18.102314	0.03083629
18.12232	0.03215694
18.142326	0.03181851
18.162333	0.033779968
18.182339	0.034506418
18.202343	0.034968846
18.22235	0.037116952
18.242355	0.036003478
18.262362	0.03708193
18.282366	0.03778548
18.302372	0.03837918
18.322378	0.03879963
18.342384	0.039859347
18.362389	0.040488485
18.382395	0.040161345
18.402401	0.039796688
18.422407	0.040287282
18.442411	0.042851176
18.462418	0.043425765
18.482424	0.04281296
18.50243	0.043336704
18.522434	0.043767337
18.54244	0.043294188
18.562447	0.042893734
18.582453	0.043151382
18.602457	0.043683544
18.622463	0.043371815
18.64247	0.04247989
18.662476	0.04061449
18.68248	0.042314284
18.702486	0.042227797
18.722492	0.041784883
18.742498	0.04170047
18.762503	0.04139854
18.782509	0.037406772
18.802515	0.03658667
18.822521	0.036158714
18.842527	0.037513133
18.862532	0.041752156
18.882538	0.040418256
18.902544	0.040275853
18.92255	0.041142642
18.942554	0.041312255
18.96256	0.04326535
18.982567	0.043222632
19.002573	0.04415576
19.022577	0.04553703
19.042583	0.04668808
19.06259	0.046140134
19.082596	0.05178209
19.1026	0.048792806
19.122606	0.047334947
19.142612	0.046761513
19.162619	0.04727221
19.182623	0.049342513
19.20263	0.05075855
19.222635	0.05090534
19.242641	0.05208287
19.262646	0.05145368
19.282652	0.05292913
19.302658	0.05280661
19.322664	0.053378265
19.342669	0.05369402
19.362675	0.05342756
19.38268	0.05354601
19.402687	0.052763995
19.422691	0.052490376
19.442698	0.052584022
19.462704	0.05193997
19.48271	0.051330727
19.502714	0.050665516
19.52272	0.051643763
19.542727	0.052061725
19.562733	0.052203003
19.582739	0.05375545
19.602743	0.05366511
19.62275	0.05551007
19.642756	0.05348035
19.662762	0.055629857
19.682766	0.05916982
19.702772	0.055880744
19.722778	0.057295498
19.742785	0.05657531
19.762789	0.057079267
19.782795	0.057893112
19.802801	0.058809873
19.822807	0.05937967
19.842812	0.059980765
19.862818	0.060783226
19.882824	0.061397657
19.90283	0.062617406
19.922834	0.06384328
19.94284	0.06287034
19.962847	0.06322351
19.982853	0.061570443
20.002857	0.059200853
20.022863	0.05854805
20.04287	0.053829886
20.062876	0.05027854
20.08288	0.04930547
20.102886	0.049036495
20.122892	0.04713211
20.142899	0.044663783
20.162903	0.042576473
20.182909	0.045679893
20.202915	0.044813715
20.222921	0.045084435
20.242926	0.042901885
20.262932	0.044658907
20.282938	0.04660839
20.302944	0.04713407
20.32295	0.0474089
20.342955	0.046340764
20.36296	0.047482073
20.382967	0.047521032
20.402973	0.045681175
20.422977	0.044436283
20.442984	0.043112606
20.46299	0.045734685
20.482996	0.046096765
20.503	0.05079372
20.523006	0.051764224
20.543013	0.053553768
20.563019	0.053110395
20.583023	0.053988125
20.60303	0.05439223
20.623035	0.055813566
20.643042	0.05580415
20.663046	0.05825487
20.683052	0.060354695
20.703058	0.059295975
20.723064	0.05319325
20.743069	0.061193667
20.763075	0.063062795
20.783081	0.0633832
20.803087	0.06354481
20.823092	0.06480247
20.843098	0.06538025
20.863104	0.063932255
20.88311	0.0669143
20.903114	0.06781369
20.92312	0.06816177
20.943127	0.06842987
20.963133	0.0678456
20.983137	0.06839234
21.003143	0.06705851
21.02315	0.06803572
21.043156	0.06929381
21.063162	0.06981481
21.083166	0.06920043
21.103172	0.067090474
21.123178	0.06332855
21.143185	0.060943574
21.163189	0.061361518
21.183195	0.057734657
21.203201	0.054099236
21.223207	0.05225059
21.243212	0.050824534
21.263218	0.0500021
21.283224	0.049515523
21.30323	0.04979377
21.323235	0.0513308
21.34324	0.05121936
21.363247	0.050872676
21.383253	0.051802833
21.403257	0.052428655
21.423264	0.05473522
21.44327	0.052839715
21.463276	0.046611913
21.48328	0.0546773
21.503286	0.05809997
21.523293	0.053955037
21.543299	0.055009358
21.563303	0.055984203
21.58331	0.055112794
21.603315	0.055364218
21.623322	0.056599814
21.643326	0.05766462
21.663332	0.058458835
21.683338	0.05901974
21.703344	0.0600952
21.723349	0.060069505
21.743355	0.062577985
21.763361	0.06426873
21.783367	0.06255932
21.803373	0.06308571
21.823378	0.06409199
21.843384	0.06360794
21.86339	0.06398323
21.883396	0.06491436
21.9034	0.07320439
21.923407	0.06419947
21.943413	0.062084932
21.963419	0.066151515
21.983423	0.06704822
22.00343	0.0663661
22.023436	0.06546075
22.043442	0.06936473
22.063446	0.06646309
22.083452	0.06462766
22.103458	0.0640014
22.123465	0.06407641
22.143469	0.06441662
22.163475	0.06186587
22.183481	0.06387249
22.203487	0.06253866
22.223492	0.061539676
22.243498	0.061721187
22.263504	0.058055915
22.28351	0.05603201
22.303514	0.05404779
22.32352	0.052874997
22.343527	0.0532162
22.363533	0.05334504
22.383537	0.052102234
22.403543	0.052380763
22.42355	0.051700722
22.443556	0.05127906
22.46356	0.052634925
22.483566	0.05189605
22.503572	0.052274402
22.523579	0.053645633
22.543585	0.04931365
22.56359	0.048093554
22.583595	0.046415955
22.603601	0.045709707
22.623608	0.04619773
22.643612	0.043717768
22.663618	0.04445786
22.683624	0.04690375
22.70363	0.045156207
22.723635	0.045143377
22.74364	0.0476166
22.763647	0.050001975
22.783653	0.05057348
22.803658	0.051593
22.823664	0.050633114
22.84367	0.052298736
22.863676	0.052619386
22.88368	0.05362508
22.903687	0.05388403
22.923693	0.054152653
22.943699	0.054619346
22.963703	0.05561685
22.98371	0.054020766
23.003716	0.056103252
23.023722	0.05850406
23.043726	0.057861514
23.063732	0.058184784
23.083738	0.05853092
23.103745	0.05817001
23.123749	0.060051795
23.143755	0.06340802
23.163761	0.058819003
23.183767	0.061055154
23.203772	0.060107086
23.223778	0.061455168
23.243784	0.06334337
23.26379	0.061795816
23.283796	0.061656494
23.3038	0.06012762
23.323807	0.061832868
23.343813	0.0618825
23.36382	0.061197046
23.383823	0.06321188
23.40383	0.06434576
23.423836	0.062835574
23.443842	0.06346889
23.463846	0.062249936
23.483852	0.064359
23.503859	0.06333399
23.523865	0.062033925
23.543869	0.060917825
23.563875	0.05988846
23.583881	0.05921877
23.603888	0.0577651
23.623892	0.058199648
23.643898	0.058011677
23.663904	0.057082623
23.68391	0.05611311
23.703915	0.056953907
23.72392	0.060605068
23.743927	0.057264224
23.763933	0.051932566
23.783937	0.05107046
23.803944	0.048359916
23.82395	0.0462459
23.843956	0.044216163
23.86396	0.041287765
23.883966	0.03693467
23.903973	0.032472007
23.923979	0.029804975
23.943983	0.029848624
23.96399	0.027493674
23.983995	0.026742416
24.004002	0.026797
24.024008	0.028127735
24.044012	0.028797407
24.064018	0.028373046
24.084024	0.029316613
24.10403	0.029151792
24.124035	0.030371303
24.144041	0.031319175
24.164047	0.031596176
24.184053	0.031919543
24.204058	0.03166873
24.224064	0.03492173
24.24407	0.035354327
24.264076	0.03776357
24.28408	0.03652265
24.304087	0.036250077
24.324093	0.03733101
24.344099	0.037743356
24.364103	0.03823948
24.38411	0.0389962
24.404116	0.039559945
24.424122	0.0394655
24.444126	0.03912534
24.464132	0.04074222
24.484138	0.042057615
24.504145	0.041357398
24.524149	0.042610202
24.544155	0.041381083
24.564161	0.040438358
24.584167	0.041023307
24.604172	0.04088864
24.624178	0.041454155
24.644184	0.041136675
24.66419	0.041518897
24.684195	0.041407544
24.7042	0.041606195
24.724207	0.04129392
24.744213	0.03905866
24.76422	0.038957983
24.784224	0.037224207
24.80423	0.036835928
24.824236	0.03642203
24.844242	0.03648363
24.864246	0.034517623
24.884253	0.033903856
24.904259	0.033050574
24.924265	0.034434512
24.94427	0.03468076
24.964275	0.03460029
24.984282	0.035378907
25.004288	0.03390997
25.024292	0.03246447
25.044298	0.033155814
25.064304	0.032990657
25.08431	0.033255488
25.104315	0.033955857
25.124321	0.033869796
25.144327	0.034083728
25.164333	0.03502395
25.184338	0.03510313
25.204344	0.035174616
25.22435	0.036212552
25.244356	0.035783783
25.26436	0.03670827
25.284367	0.03723348
25.304373	0.035997458
25.324379	0.03670265
25.344383	0.03693731
25.36439	0.037055116
25.384396	0.036648653
25.404402	0.037275773
25.424406	0.036912978
25.444412	0.03687875
25.464418	0.03667699
25.484425	0.036313936
25.50443	0.03568788
25.524435	0.03553524
25.544441	0.034674596
25.564447	0.03444528
25.584454	0.033731982
25.604458	0.032560244
25.624464	0.031980082
25.64447	0.032430775
25.664476	0.032468554
25.68448	0.03127991
25.704487	0.031047855
25.724493	0.030661086
25.7445	0.029867496
25.764503	0.02856287
25.78451	0.02739362
25.804516	0.02729329
25.824522	0.025913466
25.844526	0.02564048
25.864532	0.025108896
25.884539	0.025048656
25.904545	0.024940953
25.92455	0.025459277
25.944555	0.025167037
25.964561	0.025591424
25.984568	0.026312945
26.004572	0.026593918
26.024578	0.027020432
26.044584	0.027965304
26.06459	0.027729502
26.084595	0.027781958
26.1046	0.02765445
26.124607	0.028234862
26.144613	0.028340124
26.164618	0.028433196
26.184624	0.028813055
26.20463	0.02909016
26.224636	0.030252788
26.244642	0.030363832
26.264647	0.03129339
26.284653	0.032320503
26.304659	0.032725997
26.324665	0.032963637
26.34467	0.03282749
26.364676	0.032591563
26.384682	0.03285835
26.404688	0.03330429
26.424692	0.03335772
26.444698	0.03331692
26.464705	0.033986587
26.48471	0.03456211
26.504715	0.0340726
26.524721	0.034418855
26.544727	0.03493267
26.564734	0.036521398
26.584738	0.0345299
26.604744	0.035599757
26.62475	0.03548823
26.644756	0.036561973
26.66476	0.03326217
26.684767	0.03295454
26.704773	0.03309532
26.72478	0.031552896
26.744783	0.03129567
26.76479	0.031856734
26.784796	0.031197255
26.804802	0.030794512
26.824806	0.031063309
26.844812	0.029881582
26.864819	0.029792475
26.884825	0.029196527
26.904829	0.02859818
26.924835	0.02884709
26.944841	0.02841465
26.964848	0.02800793
26.984854	0.02787158
27.004858	0.028251758
27.024864	0.028171875
27.04487	0.02846446
27.064877	0.02851571
27.08488	0.02878152
27.104887	0.02861514
27.124893	0.028610528
27.1449	0.02711171
27.164904	0.029000657
27.18491	0.029221296
27.204916	0.028542854
27.224922	0.026998948
27.244926	0.027742026
27.264933	0.029991888
27.284939	0.031673707
27.304945	0.031351477
27.32495	0.030397309
27.344955	0.031678785
27.364962	0.03153414
27.384968	0.030901778
27.404972	0.031276826
27.424978	0.032022603
27.444984	0.031304542
27.46499	0.0314048
27.484995	0.030893954
27.505001	0.03137075
27.525007	0.031870212
27.545013	0.031531513
27.565018	0.03115283
27.585024	0.029512692
27.60503	0.030880308
27.625036	0.0304213
27.64504	0.030108163
27.665047	0.029379414
27.685053	0.029489037
27.70506	0.030496955
27.725065	0.031230597
27.74507	0.030064749
27.765076	0.031005608
27.785082	0.031655442
27.805088	0.033408165
27.825092	0.034632787
27.845098	0.036242697
27.865105	0.037593067
27.88511	0.039186787
27.905115	0.0411517
27.925121	0.04590674
27.945127	0.04747183
27.965134	0.048153512
27.985138	0.045130596
28.005144	0.040316544
28.02515	0.042874604
28.045156	0.04118644
28.06516	0.038544767
28.085167	0.041539762
28.105173	0.040006466
28.12518	0.039199077
28.145184	0.03825291
28.16519	0.039135225
28.185196	0.0372592
28.205202	0.033222724
28.225206	0.036003653
28.245213	0.037768677
28.265219	0.03590062
28.285225	0.038407046
28.30523	0.046404075
28.325235	0.04024955
28.345242	0.034814816
28.365248	0.03830806
28.385252	0.041941565
28.405258	0.039701454
28.425264	0.04077914
28.44527	0.04335762
28.465277	0.0433575
28.485281	0.041894637
28.505287	0.04046169
28.525293	0.041160025
28.5453	0.039693855
28.565304	0.038025178
28.58531	0.03242675
28.605316	0.030190142
28.625322	0.028990112
28.645327	0.027915781
28.665333	0.026695896
28.685339	0.026261147
28.705345	0.026130777
28.72535	0.02618515
28.745356	0.026255384
28.765362	0.026843077
28.785368	0.026117273
28.805372	0.024914322
28.825378	0.023408862
28.845385	0.023007588
28.86539	0.020954702
28.885395	0.020932114
28.905401	0.018980198
28.925407	0.018843006
28.945414	0.018368633
28.965418	0.01833499
28.985424	0.018350178
29.00543	0.019066729
29.025436	0.02214638
29.04544	0.023239028
29.065447	0.019727448
29.085453	0.020239552
29.10546	0.021827348
29.125463	0.021742206
29.14547	0.02236042
29.165476	0.02356466
29.185482	0.024482813
29.205488	0.024261486
29.225492	0.024139976
29.245499	0.023935687
29.265505	0.023934513
29.285511	0.02331772
29.305515	0.023466121
29.325521	0.023888942
29.345528	0.023849843
29.365534	0.02304692
29.385538	0.022325883
29.405544	0.022267452
29.42555	0.02167141
29.445557	0.021194328
29.46556	0.02112157
29.485567	0.020852149
29.505573	0.020242818
29.52558	0.019807892
29.545584	0.019357793
29.56559	0.019409258
29.585596	0.019324336
29.605602	0.019630263
29.625607	0.02117872
29.645613	0.022862688
29.665619	0.021616807
29.685625	0.022215068
29.70563	0.022980034
29.725636	0.024062514
29.745642	0.02499665
29.765648	0.025797037
29.785652	0.026982715
29.805658	0.027708432
29.825665	0.028074315
29.84567	0.028540848
29.865675	0.02907281
29.885681	0.029676955
29.905687	0.029486176
29.925694	0.029484572
29.9457	0.028806044
29.965704	0.0300919
29.98571	0.030796781
30.005716	0.030885786
30.025723	0.031106377
30.045727	0.031237017
30.065733	0.031672683
30.08574	0.031856205
30.105745	0.031628948
30.12575	0.031728547
30.145756	0.031784505
30.165762	0.031698786
30.185768	0.031724405
30.205772	0.031185985
30.225779	0.030927794
30.245785	0.030172672
30.26579	0.029810093
30.285795	0.028861035
30.305801	0.028187165
30.325808	0.027803363
30.345814	0.02763694
30.365818	0.026866648
30.385824	0.026022496
30.40583	0.027963443
30.425837	0.026202176
30.44584	0.02545706
30.465847	0.02443075
30.485853	0.02377871
30.50586	0.023123529
30.525864	0.022866229
30.54587	0.022378547
30.565876	0.021228803
30.585882	0.020520499
30.605886	0.019512517
30.625893	0.020375963
30.645899	0.020557374
30.665905	0.020741915
30.685911	0.020703856
30.705915	0.02098547
30.725922	0.0209164
30.745928	0.020755919
30.765934	0.020976596
30.785938	0.021279283
30.805944	0.021067258
30.82595	0.020563697
30.845957	0.020805167
30.865961	0.021082105
30.885967	0.021249514
30.905973	0.020814508
30.92598	0.021352116
30.945984	0.02167854
30.96599	0.021493228
30.985996	0.022506448
31.006002	0.022320572
31.026007	0.022086177
31.046013	0.021803461
31.06602	0.02227364
31.086025	0.022450164
31.10603	0.024041854
31.126036	0.025066918
31.146042	0.025380619
31.166048	0.02695536
31.186052	0.028369589
31.206059	0.028672203
31.226065	0.030842248
31.24607	0.03508632
31.266075	0.033823356
31.286081	0.02726772
31.306087	0.02606698
31.326094	0.025310816
31.346098	0.020835763
31.366104	0.025757182
31.38611	0.026266549
31.406116	0.026065301
31.426123	0.02496092
31.446127	0.020384625
31.466133	0.020525731
31.48614	0.019912817
31.506145	0.02433014
31.52615	0.022080235
31.546156	0.020078363
31.566162	0.023524495
31.586168	0.02925912
31.606173	0.04108845
31.626179	0.038804453
31.646185	0.035956774
31.666191	0.02891673
31.686195	0.033058446
31.706202	0.047154248
31.726208	0.05182027
31.746214	0.04614003
31.766218	0.045765616
31.786224	0.04807634
31.80623	0.052514877
31.826237	0.07597983
31.846241	0.081996225
31.866247	0.07747468
31.886253	0.07295033
31.90626	0.07669939
31.926264	0.06962761
31.94627	0.0731909
31.966276	0.073008664
31.986282	0.063565426
32.006287	0.06320173
32.026295	0.06812741
32.0463	0.0582308
32.066303	0.049417675
32.08631	0.04778571
32.106316	0.04333378
32.126324	0.03910919
32.146328	0.036942992
32.166332	0.037374854
32.18634	0.03563168
32.206345	0.03571761
32.22635	0.034291096
32.246357	0.030500105
32.26636	0.02991583
32.28637	0.030314786
32.306374	0.029462922
32.326378	0.027120389
32.346386	0.025176313
32.36639	0.024434306
32.386395	0.023615729
32.406403	0.023538297
32.426407	0.023007061
32.446415	0.022289617
32.46642	0.021576224
32.486423	0.021240894
32.50643	0.02038624
32.526436	0.020399565
32.54644	0.020598289
32.56645	0.020384746
32.586452	0.020779395
32.60646	0.020657456
32.626465	0.020092037
32.64647	0.019557267
32.666477	0.01915489
32.68648	0.018864613
32.706486	0.018394297
32.726494	0.01835052
32.7465	0.01749424
32.766506	0.016908953
32.78651	0.015982961
32.806515	0.01519228
32.826523	0.014653928
32.846527	0.014080697
32.866535	0.013447475
32.88654	0.013053605
32.906544	0.013077181
32.92655	0.013507794
32.946556	0.013980691
32.96656	0.015426151
32.98657	0.013998875
33.006573	0.013836728
33.02658	0.011990959
33.046585	0.014277102
33.06659	0.014601436
33.086597	0.014898555
33.1066	0.015550619
33.126606	0.015237759
33.146614	0.015150033
33.16662	0.01564956
33.186626	0.015716368
33.20663	0.01537092
33.226635	0.015295738
33.246643	0.015008858
33.266647	0.014577183
33.28665	0.013882171
33.30666	0.013457172
33.326664	0.013373864
33.346672	0.012762348
33.366676	0.012713996
33.38668	0.012400372
33.40669	0.012592459
33.426693	0.012517724
33.446697	0.012207354
33.466705	0.012073955
33.48671	0.012056232
33.506718	0.012098617
33.526722	0.012291207
33.546726	0.012620006
33.566734	0.013416431
33.58674	0.013798649
33.606747	0.01476981
33.62675	0.014216543
33.646755	0.014709202
33.666763	0.014148209
33.686768	0.015124147
33.70677	0.015833441
33.72678	0.016325913
33.746784	0.017218534
33.766792	0.017129995
33.786797	0.017467732
33.8068	0.018271007
33.82681	0.01873909
33.846813	0.01865581
33.866817	0.019602995
33.886826	0.020860752
33.90683	0.021742847
33.926838	0.023438644
33.946842	0.023552839
33.966846	0.023921933
33.986855	0.024022542
34.00686	0.022772739
34.026863	0.023955999
34.04687	0.02155906
34.066875	0.021243267
34.086884	0.020294616
34.106888	0.019380068
34.126892	0.01970806
34.1469	0.018379446
34.166904	0.01971015
34.18691	0.019378422
34.206917	0.017809188
34.22692	0.018309675
34.24693	0.017094528
34.266933	0.016109651
34.286938	0.018223641
34.306946	0.019541187
34.32695	0.018359277
34.34696	0.019268695
34.366962	0.01985685
34.386967	0.023390993
34.406975	0.024769347
34.42698	0.024231726
34.446983	0.025912706
34.46699	0.027276382
34.486996	0.02914513
34.507004	0.030052138
34.527008	0.028647833
34.547012	0.028461998
34.56702	0.02829383
34.587025	0.027805567
34.60703	0.028581902
34.627037	0.028547881
34.64704	0.028515508
34.66705	0.028613945
34.687054	0.028911073
34.707058	0.02871485
34.727066	0.028895676
34.74707	0.02873171
34.767075	0.0290293
34.787083	0.029437475
34.807087	0.029608285
34.827095	0.030284377
34.8471	0.030768223
34.867104	0.030392092
34.88711	0.029968843
34.907116	0.029958928
34.92712	0.030321037
34.94713	0.030103255
34.967133	0.029658988
34.98714	0.028257942
35.007145	0.028019533
35.02715	0.027571436
35.047157	0.026726373
35.06716	0.026349245
35.08717	0.026552374
35.107174	0.026143871
35.12718	0.024963515
35.147186	0.023725778
35.16719	0.023365822
35.187195	0.022896616
35.207203	0.022592807
35.227207	0.022433912
35.247215	0.022574829
35.26722	0.026032308
35.287224	0.024648717
35.30723	0.023215894
35.327236	0.0234513
35.34724	0.023400187
35.36725	0.023481058
35.387253	0.024649592
35.40726	0.021482922
35.427265	0.021927537
35.44727	0.022122858
35.467278	0.01950079
35.48728	0.019695675
35.507286	0.021347191
35.527294	0.020751288
35.5473	0.020066649
35.567307	0.020059241
35.58731	0.019309489
35.607315	0.018869994
35.627323	0.018491456
35.647327	0.018776022
35.66733	0.01914386
35.68734	0.020162033
35.707344	0.01703991
35.727352	0.015787316
35.747356	0.015681855
35.76736	0.0156918
35.78737	0.014766075
35.807373	0.015149597
35.82738	0.014567553
35.847385	0.014891911
35.86739	0.015111178
35.887398	0.015727911
35.907402	0.015840033
35.927406	0.014830139
35.947414	0.013992827
35.96742	0.015000421
35.987427	0.015274039
36.00743	0.014624899
36.027435	0.014686236
36.047443	0.013856483
36.067448	0.013795386
36.087452	0.013139471
36.10746	0.012567631
36.127464	0.012342205
36.147472	0.012367452
36.167477	0.012316231
36.18748	0.012684555
36.20749	0.012922021
36.227493	0.013286018
36.247498	0.013093806
36.267506	0.012839843
36.28751	0.013229474
36.307518	0.012903269
36.327522	0.012872205
36.347527	0.013466481
36.367535	0.012871726
36.38754	0.012204965
36.407543	0.011616489
36.42755	0.011658966
36.447556	0.01233768
36.467564	0.012759106
36.487568	0.012862138
36.507572	0.01306808
36.52758	0.012865401
36.547585	0.012169766
36.567593	0.011415133
36.587597	0.011214692
36.6076	0.011066251
36.62761	0.011041548
36.647614	0.010769821
36.667618	0.010805327
36.687626	0.010976492
36.70763	0.011184699
36.72764	0.01120746
36.747643	0.011252412
36.767647	0.011399458
36.787655	0.011420447
36.80766	0.011212646
36.827663	0.011183708
36.84767	0.011290937
36.867676	0.011030081
36.887684	0.010685899
36.90769	0.010404076
36.927692	0.010446578
36.9477	0.010156675
36.967705	0.009613089
36.98771	0.009417391
37.007717	0.009402175
37.02772	0.009092045
37.04773	0.008901772
37.067734	0.008896168
37.087738	0.009181085
37.107746	0.009177759
37.12775	0.009011103
37.147755	0.008906287
37.167763	0.008890791
37.187767	0.008754
37.207775	0.008604972
37.22778	0.008465357
37.247784	0.008696586
37.26779	0.008681244
37.287796	0.008423311
37.307804	0.008363701
37.32781	0.008570495
37.347813	0.008653794
37.36782	0.008516051
37.387825	0.00847478
37.40783	0.008559134
37.427837	0.008610562
37.44784	0.008436382
37.46785	0.008327025
37.487854	0.008531876
37.50786	0.008799655
37.527866	0.008608655
37.54787	0.008726533
37.567875	0.009253053
37.587883	0.009352231
37.607887	0.00894934
37.627895	0.008679422
37.6479	0.009180583
37.667904	0.009466028
37.687912	0.01006806
37.707916	0.010806193
37.72792	0.011276903
37.74793	0.011309707
37.767933	0.011452936
37.78794	0.011667717
37.807945	0.012066833
37.82795	0.012331635
37.847958	0.012275504
37.86796	0.012491586
37.887966	0.012598773
37.907974	0.012944436
37.92798	0.012825693
37.947987	0.012939702
37.96799	0.01308151
37.987995	0.013141281
38.008003	0.012877051
38.028008	0.013293284
38.048016	0.013553532
38.06802	0.013816034
38.088024	0.013863299
38.108032	0.013960592
38.128036	0.013846219
38.14804	0.013599626
38.16805	0.013316396
38.188053	0.013428138
38.20806	0.013699001
38.228065	0.013484574
38.24807	0.013081175
38.268078	0.012626755
38.288082	0.012266045
38.308086	0.012387833
38.328094	0.011614379
38.3481	0.011844807
38.368107	0.012266533
38.38811	0.012690867
38.408115	0.013124959
38.428123	0.013337073
38.448128	0.013462427
38.468132	0.014265627
38.48814	0.014569772
38.508144	0.014672433
38.528152	0.015745964
38.548157	0.015843682
38.56816	0.016062323
38.58817	0.017359179
38.608173	0.019166645
38.628178	0.020069305
38.648186	0.017744724
38.66819	0.018899975
38.688198	0.021606859
38.708202	0.024784569
38.728207	0.021158354
38.748215	0.02187656
38.76822	0.02321873
38.788227	0.024079664
38.80823	0.023765825
38.828236	0.023953086
38.848244	0.024343157
38.868248	0.024140883
38.888252	0.023870146
38.90826	0.024058865
38.928265	0.023284866
38.948273	0.023196315
38.968277	0.022332877
38.98828	0.02257433
39.00829	0.023139948
39.028294	0.022222279
39.048298	0.021031374
39.068306	0.019106766
39.08831	0.016712284
39.10832	0.01412591
39.128323	0.011768359
39.148327	0.009763692
39.168335	0.008299334
39.18834	0.007353343
39.208344	0.006706588
39.22835	0.006426896
39.248356	0.006376507
39.268364	0.006626294
39.28837	0.006754251
39.308372	0.006794319
39.32838	0.006915247
39.348385	0.007258167
39.36839	0.007235783
39.388397	0.007103363
39.4084	0.007273559
39.42841	0.00742875
39.448414	0.007546233
39.46842	0.007869151
39.488426	0.007889258
39.50843	0.008314018
39.52844	0.00898354
39.548443	0.008283487
39.568447	0.008509797
39.588455	0.008901092
39.60846	0.009163141
39.628464	0.009670491
39.64847	0.009957098
39.668476	0.010236021
39.688484	0.010233169
39.70849	0.010066136
39.728493	0.01042668
39.7485	0.010783075
39.768505	0.010687188
39.78851	0.010515122
39.808517	0.010618309
39.82852	0.011894438
39.84853	0.011895186
39.868534	0.01065221
39.88854	0.011010429
39.908546	0.011444959
39.92855	0.01146789
39.948555	0.011829763
39.968563	0.012404153
39.988567	0.012402498
40.008575	0.012405626
40.02858	0.01119315
40.048584	0.011030655
40.068592	0.01156823
40.088596	0.011102744
40.1086	0.010958302
40.12861	0.011339742
40.148613	0.011553805
40.16862	0.011474061
40.188625	0.011439034
40.20863	0.011694619
40.228638	0.011523217
40.248642	0.011448773
40.26865	0.010718619
40.288654	0.011017555
40.30866	0.010940882
40.328667	0.011390591
40.34867	0.010151752
40.368675	0.009727556
40.388683	0.00956969
40.408688	0.009487205
40.428696	0.009410441
40.4487	0.009453221
40.468704	0.009928893
40.488712	0.0103757
40.508717	0.010661554
40.52872	0.011168796
40.54873	0.011346531
40.568733	0.01083014
40.58874	0.010268228
40.608746	0.010832499
40.62875	0.01149253
40.648758	0.01115168
40.668762	0.011290808
40.688766	0.011881848
40.708775	0.011978953
40.72878	0.01169107
40.748787	0.012639528
40.76879	0.013629049
40.788795	0.013919759
40.808804	0.014783205
40.828808	0.015111977
40.848812	0.015202904
40.86882	0.016079454
40.888824	0.01648981
40.908833	0.016492756
40.928837	0.016417056
40.94884	0.017010456
40.96885	0.01713528
40.988853	0.016437633
41.00886	0.016554296
41.028866	0.01761612
41.04887	0.018385198
41.06888	0.018802023
41.088882	0.01789671
41.108887	0.018295106
41.128895	0.01812823
41.1489	0.016750282
41.168907	0.017761137
41.18891	0.018076232
41.208916	0.018526448
41.228924	0.018298829
41.248928	0.018233353
41.268932	0.017527845
41.28894	0.01729675
41.308945	0.019219331
41.328953	0.019531893
41.348957	0.019481488
41.36896	0.019128105
41.38897	0.018675407
41.408974	0.018793859
41.428978	0.01974248
41.448986	0.020200318
41.46899	0.018691262
41.489	0.017700726
41.509003	0.01736752
41.529007	0.016985206
41.549015	0.015974315
41.56902	0.014593653
41.589024	0.013518944
41.60903	0.012570197
41.629036	0.012186931
41.649044	0.012211894
41.66905	0.011766095
41.689053	0.011516004
41.70906	0.010985596
41.729065	0.010390439
41.749073	0.00987171
41.769077	0.009264414
41.78908	0.008705473
41.80909	0.008069065
41.829094	0.007787367
41.8491	0.0073514
41.869106	0.007514359
41.88911	0.007563893
41.90912	0.007834166
41.929123	0.007771735
41.949127	0.007803433
41.969135	0.007991009
41.98914	0.008379244
42.009144	0.008648168
42.029152	0.008647512
42.049156	0.008712659
42.069164	0.00833423
42.08917	0.008137133
42.109173	0.007946515
42.12918	0.007737551
42.149185	0.007447623
42.16919	0.006884526
42.189198	0.006886636
42.2092	0.007325688
42.22921	0.007667008
42.249214	0.007792339
42.26922	0.007674568
42.289227	0.007346059
42.30923	0.00763596
42.329235	0.007746839
42.349243	0.007391919
42.369247	0.007833362
42.389256	0.008400397
42.40926	0.009180445
42.429264	0.009199553
42.449272	0.008830003
42.469276	0.008506472
42.489285	0.007591469
42.50929	0.008085163
42.529293	0.010619353
42.5493	0.010969562
42.569305	0.009250196
42.58931	0.007864834
42.609318	0.0073683
42.629322	0.00816908
42.64933	0.008542086
42.669334	0.008368881
42.68934	0.008206966
42.709347	0.008276946
42.72935	0.008152156
42.749355	0.007731526
42.769363	0.007690461
42.789368	0.007881356
42.809376	0.008108116
42.82938	0.008137753
42.849384	0.007587948
42.869392	0.007464867
42.889397	0.007339562
42.9094	0.007271514
42.92941	0.007329195
42.949413	0.007223561
42.96942	0.007115616
42.989426	0.006786907
43.00943	0.006533912
43.029438	0.006275355
43.049442	0.006063362
43.069447	0.005381577
43.089455	0.006203419
43.10946	0.006393454
43.129467	0.006616787
43.14947	0.00678233
43.169476	0.006884684
43.189484	0.007037671
43.209488	0.007133017
43.229496	0.007017885
43.2495	0.006657543
43.269505	0.006259935
43.289513	0.005910303
43.309517	0.005715965
43.32952	0.005491193
43.34953	0.005753661
43.369534	0.005568083
43.38954	0.005443942
43.409546	0.005567332
43.42955	0.005569396
43.44956	0.005485416
43.469563	0.005587064
43.489567	0.00592491
43.509575	0.006233336
43.52958	0.006379323
43.549587	0.006551121
43.56959	0.006699013
43.589596	0.006822575
43.609604	0.006766222
43.62961	0.00634806
43.649612	0.005926194
43.66962	0.00553636
43.689625	0.005322647
43.709633	0.005251272
43.729637	0.005362098
43.74964	0.005436637
43.76965	0.005344603
43.789654	0.005365366
43.809658	0.005481092
43.829666	0.005561378
43.84967	0.005478355
43.86968	0.005383892
43.889683	0.005615095
43.909687	0.00562848
43.929695	0.005778896
43.9497	0.006128642
43.969707	0.005856197
43.98971	0.005584825
44.009716	0.005213389
44.029724	0.005000167
44.04973	0.005247288
44.069733	0.005521414
44.08974	0.005546906
44.109745	0.005647298
44.129753	0.005880448
44.149757	0.005886906
44.16976	0.006072787
44.18977	0.006201381
44.209774	0.006154385
44.22978	0.006130308
44.249786	0.006098103
44.26979	0.005979707
44.2898	0.006236859
44.309803	0.006297094
44.329807	0.006389448
44.349815	0.006582026
44.36982	0.00691571
44.389824	0.007017583
44.409832	0.007269276
44.429836	0.007385435
44.449844	0.007784335
44.46985	0.007792922
44.489853	0.007970287
44.50986	0.007927377
44.529865	0.007612255
44.54987	0.007512135
44.569878	0.007210843
44.58988	0.007267054
44.60989	0.007448281
44.629894	0.007657139
44.6499	0.007461385
44.669907	0.007352094
44.68991	0.007540451
44.70992	0.007878101
44.729923	0.008057476
44.749928	0.008549245
44.769936	0.009318504
44.78994	0.009335832
44.809944	0.009307199
44.829952	0.009786686
44.849957	0.010529782
44.869965	0.010225807
44.88997	0.010122021
44.909973	0.011057387
44.92998	0.011498791
44.949986	0.011713431
44.96999	0.011567427
44.989998	0.012365106
45.010002	0.012776573
45.03001	0.012164658
45.050014	0.012241748
45.07002	0.012493433
45.090027	0.012352013
45.11003	0.012366505
45.130035	0.01229485
45.150043	0.012206301
45.170048	0.012240303
45.190056	0.012336986
45.21006	0.012166965
45.230064	0.011773281
45.250072	0.009912973
45.270077	0.009380788
45.29008	0.009358883
45.31009	0.009261909
45.330093	0.009507292
45.3501	0.009599299
45.370106	0.008724734
45.39011	0.008989776
45.41012	0.010490621
45.430122	0.008603888
45.45013	0.008082992
45.470135	0.010329687
45.49014	0.011269204
45.510147	0.009225462
45.53015	0.008041283
45.550156	0.009694989
45.570164	0.009277632
45.590168	0.008627265
45.610176	0.009048315
45.63018	0.008191726
45.650185	0.00828832
45.670193	0.009908468
45.690197	0.010086265
45.7102	0.009478551
45.73021	0.011288425
45.750214	0.012277525
45.77022	0.011961918
45.790226	0.012564842
45.81023	0.013228694
45.83024	0.014228756
45.850243	0.013081037
45.870247	0.012716692
45.890255	0.013664424
45.91026	0.013822093
45.930267	0.013810488
45.95027	0.013534075
45.970276	0.012902696
45.990284	0.012098058
46.01029	0.011454606
46.030293	0.010794055
46.0503	0.01044858
46.070305	0.010158109
46.090313	0.010124661
46.110317	0.010236952
46.13032	0.010396145
46.15033	0.010710424
46.170334	0.010735338
46.190342	0.010473421
46.210346	0.010773496
46.23035	0.010700252
46.25036	0.010500931
46.270363	0.010550302
46.290367	0.01079964
46.310375	0.010916944
46.33038	0.01100696
46.350388	0.01115774
46.37039	0.011384968
46.390396	0.010823453
46.410404	0.010555214
46.43041	0.010439565
46.450413	0.010433105
46.47042	0.010414858
46.490425	0.01015077
46.510433	0.010194046
46.530437	0.010146228
46.55044	0.009893431
46.57045	0.009539285
46.590454	0.009487248
46.61046	0.009614578
46.630466	0.009592181
46.65047	0.009497806
46.67048	0.009515137
46.690483	0.009724164
46.710487	0.009787653
46.730495	0.010112735
46.7505	0.009183534
46.770504	0.0090496
46.790512	0.008452456
46.810516	0.008182449
46.830524	0.008218144
46.85053	0.008153486
46.870533	0.007930737
46.89054	0.007255974
46.910545	0.007944473
46.930553	0.008064532
46.950558	0.008409321
46.970562	0.008641825
46.99057	0.008716843
47.010574	0.008961962
47.03058	0.008303719
47.050587	0.007762438
47.07059	0.00773138
47.0906	0.007742782
47.110603	0.00769494
47.130608	0.007643177
47.150616	0.008061388
47.17062	0.008144257
47.190624	0.008406861
47.210632	0.008568544
47.230637	0.008651259
47.250645	0.008450109
47.27065	0.008212457
47.290653	0.006914662
47.31066	0.007319451
47.330666	0.008098233
47.35067	0.00841724
47.370678	0.008653905
47.390682	0.009000814
47.41069	0.00910268
47.430695	0.009100389
47.4507	0.009008266
47.470707	0.008980621
47.49071	0.008917439
47.510715	0.008858745
47.530724	0.00851157
47.550728	0.008468713
47.570736	0.008793342
47.59074	0.008800747
47.610744	0.009030061
47.630753	0.009924513
47.650757	0.00959106
47.670765	0.009592147
47.69077	0.009465126
47.710773	0.00970686
47.73078	0.009788935
47.750786	0.010105062
47.77079	0.010281445
47.7908	0.010597599
47.810802	0.010804634
47.83081	0.010953578
47.850815	0.011072868
47.87082	0.011333999
47.890827	0.011506475
47.91083	0.011510176
47.930836	0.011718869
47.950844	0.012145587
47.970848	0.012019159
47.990856	0.012251566
48.01086	0.011970347
48.030865	0.012211105
48.050873	0.012701934
48.070877	0.011935255
48.09088	0.011498293
48.11089	0.011249635
48.130894	0.011038701
48.1509	0.011144406
48.170906	0.011061502
48.19091	0.011151932
48.21092	0.011344112
48.230923	0.011535795
48.250927	0.011403941
48.270935	0.010979775
48.29094	0.010855934
48.310947	0.01013712
48.33095	0.009782059
48.350956	0.009822392
48.370964	0.009949442
48.39097	0.010133307
48.410976	0.010248067
48.43098	0.010297195
48.450985	0.010774186
48.470993	0.011063607
48.490997	0.011295578
48.511	0.011459795
48.53101	0.011839643
48.551014	0.012061599
48.571022	0.012033342
48.591026	0.012104888
48.61103	0.012743551
48.63104	0.012768694
48.651043	0.012756486
48.671047	0.01287372
48.691055	0.013211796
48.71106	0.013556338
48.731068	0.013370431
48.751072	0.013743482
48.771076	0.013794643
48.791084	0.013520361
48.81109	0.013347976
48.831093	0.014955345
48.8511	0.015503102
48.871105	0.016291933
48.891113	0.017250787
48.911118	0.01628976
48.93112	0.016474767
48.95113	0.01809119
48.971134	0.018432716
48.99114	0.019527476
49.011147	0.02066711
49.03115	0.020249074
49.05116	0.021345051
49.071163	0.0215448
49.091167	0.02134572
49.111176	0.022754349
49.13118	0.024361717
49.151188	0.024058849
49.171192	0.02060553
49.191196	0.021505838
49.211205	0.021084117
49.23121	0.020041026
49.251213	0.018067382
49.27122	0.017998409
49.291225	0.01724001
49.311234	0.016352145
49.331238	0.015547205
49.351242	0.016354896
49.37125	0.01455514
49.391254	0.013649418
49.41126	0.016449006
49.431267	0.016056087
49.45127	0.015962921
49.47128	0.014644817
49.491283	0.013372528
49.511288	0.015540583
49.531296	0.01760175
49.5513	0.016711986
49.571304	0.017036868
49.591312	0.016795482
49.611317	0.016280256
49.631325	0.016301405
49.65133	0.015862275
49.671333	0.016211083
49.69134	0.015919298
49.711346	0.015656715
49.73135	0.015250118
49.751358	0.014874393
49.771362	0.015339032
49.79137	0.013573593
49.811375	0.013008292
49.83138	0.012477793
49.851387	0.011969212
49.87139	0.010693795
49.8914	0.010406837
49.911404	0.009861939
49.931408	0.009742687
49.951416	0.010524309
49.97142	0.010685976
49.991425	0.011081736
50.011433	0.012963754
50.031437	0.013392072
50.051445	0.012533783
50.07145	0.013000218
50.091454	0.01245076
50.11146	0.011072317
50.131466	0.011826971
50.15147	0.012445334
50.17148	0.011451702
50.191483	0.010686969
50.21149	0.011246212
50.231495	0.01142083
50.2515	0.009859564
50.271507	0.011090276
50.29151	0.013870602
50.311516	0.012053609
50.331524	0.011271982
50.35153	0.011642519
50.371536	0.011660971
50.39154	0.012710102
50.411545	0.013963557
50.431553	0.013563403
50.451557	0.012287278
50.47156	0.01164238
50.49157	0.010786215
50.511574	0.010580744
50.53158	0.010649411
50.551586	0.010809728
50.57159	0.011872396
50.5916	0.010499093
50.611603	0.009527569
50.63161	0.009529383
50.651615	0.00942019
50.67162	0.009198695
50.691628	0.009817907
50.71163	0.009731299
50.731636	0.009938779
50.751644	0.008944004
50.77165	0.008576079
50.791656	0.009581637
50.81166	0.009761849
50.831665	0.008381343
50.851673	0.008209975
50.871677	0.009388799
50.89168	0.010124361
50.91169	0.010075213
50.931694	0.009950757
50.951702	0.009674468
50.971706	0.009460235
50.99171	0.009726805
51.01172	0.010447441
51.031723	0.011060618
51.051727	0.012472523
51.071735	0.010569215
51.09174	0.009230268
51.111748	0.008015467
51.131752	0.008610735
51.151756	0.009411276
51.171764	0.009796583
51.19177	0.00953139
51.211773	0.009327116
51.23178	0.009416942
51.251785	0.0098805
51.271793	0.010981547
51.291798	0.010274825
51.311802	0.010402809
51.33181	0.011110853
51.351814	0.010855108
51.371822	0.01129041
51.391827	0.012309771
51.41183	0.011794542
51.43184	0.012032592
51.451843	0.012281297
51.471848	0.012366575
51.491856	0.012467361
51.51186	0.012505786
51.531868	0.012567939
51.551872	0.012673195
51.571877	0.012449702
51.591885	0.012384626
51.61189	0.012086151
51.631893	0.011824091
51.6519	0.011483534
51.671906	0.011180549
51.691914	0.010715674
51.711918	0.010851071
51.731922	0.010656308
51.75193	0.010274787
51.771935	0.010177067
51.79194	0.010063562
51.811947	0.009771478
51.83195	0.009426219
51.85196	0.009227729
51.871964	0.009043725
51.891968	0.008851703
51.911976	0.008592012
51.93198	0.008500061
51.951984	0.00847981
51.971992	0.008405123
51.991997	0.008292562
52.012005	0.008123211
52.03201	0.008061643
52.052013	0.008013875
52.07202	0.007731243
52.092026	0.007438082
52.112034	0.007167513
52.13204	0.006749023
52.152042	0.00640506
52.17205	0.006213768
52.192055	0.006026357
52.21206	0.00600964
52.232067	0.005719456
52.25207	0.005782377
52.27208	0.006338267
52.292084	0.006445624
52.312088	0.007121885
52.332096	0.007088203
52.3521	0.007071414
52.372105	0.007118154
52.392113	0.006905821
52.412117	0.006767754
52.432125	0.006740874
52.45213	0.006817489
52.472134	0.006885965
52.49214	0.006982531
52.512146	0.007178639
52.53215	0.007300174
52.55216	0.00724999
52.572163	0.007315083
52.59217	0.007264767
52.612175	0.007339804
52.63218	0.007140836
52.652187	0.007094009
52.67219	0.007150679
52.692196	0.007071053
52.712204	0.007006181
52.73221	0.006979558
52.752216	0.006991068
52.77222	0.007181049
52.792225	0.006984829
52.812233	0.006918115
52.832237	0.007282859
52.852245	0.007403691
52.87225	0.006967386
52.892254	0.0069686
52.912262	0.006945502
52.932266	0.006857411
52.95227	0.006455569
52.97228	0.006235565
52.992283	0.006041247
53.01229	0.005865226
53.032295	0.005691915
53.0523	0.00559299
53.072308	0.005434581
53.09231	0.00536651
53.112316	0.0052316
53.132324	0.005215786
53.15233	0.005309425
53.172337	0.005365301
53.19234	0.005331974
53.212345	0.005330049
53.232353	0.005210246
53.252357	0.005399462
53.27236	0.005672506
53.29237	0.005827988
53.312374	0.005797995
53.332382	0.005728167
53.352386	0.005481499
53.37239	0.005585352
53.3924	0.005962689
53.412403	0.005932268
53.432407	0.005815637
53.452415	0.005666639
53.47242	0.005545046
53.492428	0.005548299
53.512432	0.005574824
53.532436	0.005729578
53.552444	0.006114941
53.57245	0.006544592
53.592457	0.006962855
53.61246	0.007321207
53.632465	0.007969037
53.652473	0.00851971
53.672478	0.009065762
53.692482	0.009977588
53.71249	0.010178115
53.732494	0.01035608
53.752502	0.010707106
53.772507	0.011162913
53.79251	0.009855063
53.81252	0.009162147
53.832523	0.00942196
53.852528	0.009691473
53.872536	0.011534189
53.89254	0.012427967
53.912548	0.012206716
53.932552	0.012554396
53.952557	0.012691207
53.972565	0.013516745
53.99257	0.014630012
54.012573	0.016392047
54.03258	0.01658939
54.052586	0.015843397
54.072594	0.017035222
54.092598	0.01862446
54.112602	0.020599257
54.13261	0.020290216
54.152615	0.020614084
54.17262	0.020502813
54.192627	0.02291419
54.21263	0.026174262
54.23264	0.025139216
54.252644	0.025088018
54.272648	0.024900297
54.292656	0.02465944
54.31266	0.025238743
54.33267	0.025037821
54.352673	0.024963217
54.372677	0.023941893
54.392685	0.025020527
54.41269	0.024268398
54.432693	0.02324739
54.4527	0.022844609
54.472706	0.021820918
54.492714	0.021323359
54.51272	0.020671446
54.532722	0.020414062
54.55273	0.020023605
54.572735	0.018491853
54.59274	0.018430194
54.612747	0.0178447
54.63275	0.017093988
54.65276	0.017174507
54.672764	0.017692445
54.69277	0.018114856
54.712776	0.018582439
54.73278	0.017982353
54.752785	0.01618217
54.772793	0.016006604
54.792797	0.0159141
54.812805	0.015805524
54.83281	0.016106626
54.852814	0.015777878
54.87282	0.015782183
54.892826	0.015628198
54.91283	0.015468182
54.93284	0.015259392
54.952843	0.014993641
54.97285	0.014593267
54.992855	0.014048833
55.01286	0.013650415
55.032867	0.013632511
55.05287	0.013809999
55.07288	0.0140847
55.092884	0.014219685
55.11289	0.014772355
55.132896	0.015265064
55.1529	0.01628108
55.172905	0.019061558
55.192913	0.018599713
55.212917	0.017021017
55.232925	0.01751743
55.25293	0.01806042
55.272934	0.01858852
55.292942	0.018763674
55.312946	0.019790594
55.33295	0.020368865
55.35296	0.021037322
55.372963	0.020150784
55.39297	0.02186725
55.412975	0.0251571
55.43298	0.025181543
55.452988	0.023400608
55.472992	0.023710988
55.492996	0.026150666
55.513004	0.027167898
55.53301	0.027136788
55.553017	0.026088445
55.57302	0.027318675
55.593025	0.028122544
55.613033	0.028171966
55.633038	0.02747166
55.65304	0.027784362
55.67305	0.028023321
55.693054	0.027929803
55.713062	0.028432364
55.733067	0.029424015
55.75307	0.02979507
55.77308	0.028694622
55.793083	0.026685761
55.81309	0.025884164
55.833096	0.02477784
55.8531	0.023608655
55.873108	0.024066906
55.893112	0.023934374
55.913116	0.02275169
55.933125	0.022864679
55.95313	0.022137383
55.973137	0.02215447
55.99314	0.020433022
56.013145	0.019488748
56.033154	0.019804215
56.053158	0.020196654
56.073162	0.019345056
56.09317	0.018394014
56.113174	0.017968332
56.133183	0.016913416
56.153187	0.0170706
56.17319	0.01678083
56.1932	0.015445615
56.213203	0.014493456
56.233208	0.014124114
56.253216	0.013947843
56.27322	0.014012307
56.29323	0.013964285
56.313232	0.014083188
56.333237	0.0149051
56.353245	0.013450685
56.37325	0.013060923
56.393253	0.012798301
56.41326	0.013158247
56.433266	0.013483281
56.453274	0.014073138
56.473278	0.013865929
56.493282	0.013473681
56.51329	0.014386351
56.533295	0.014207283
56.553303	0.01402809
56.573307	0.014556193
56.59331	0.014572396
56.61332	0.014295734
56.633324	0.014081857
56.653328	0.014185757
56.673336	0.01535436
56.69334	0.015186381
56.71335	0.015282439
56.733353	0.015690478
56.753357	0.015937265
56.773365	0.015505326
56.79337	0.01548286
56.813374	0.015876327
56.83338	0.015847927
56.853386	0.015818644
56.873394	0.016176438
56.8934	0.016894262
56.913403	0.017350083
56.93341	0.016797941
56.953415	0.01633991
56.97342	0.01745018
56.993427	0.01774057
57.01343	0.017529154
57.03344	0.017570326
57.053444	0.017742706
57.07345	0.018040393
57.093456	0.018388823
57.11346	0.019206623
57.133465	0.018921735
57.153473	0.0199469
57.173477	0.020235289
57.193485	0.019446732
57.21349	0.019759454
57.233494	0.021304028
57.2535	0.02208418
57.273506	0.01971979
57.293514	0.01869181
57.31352	0.018853983
57.333523	0.01873674
57.35353	0.017112235
57.373535	0.016550247
57.39354	0.016008446
57.413548	0.015490095
57.43355	0.015938243
57.45356	0.015715854
57.473564	0.014992781
57.49357	0.014580727
57.513577	0.014238402
57.53358	0.014015211
57.553585	0.013508437
57.573593	0.013312603
57.593597	0.01349788
57.613605	0.013612744
57.63361	0.013519909
57.653614	0.013105164
57.673622	0.012811982
57.693626	0.01294869
57.71363	0.012863669
57.73364	0.012488966
57.753643	0.012265969
57.77365	0.012095277
57.793655	0.01232604
57.81366	0.01246595
57.833668	0.013055402
57.853672	0.013252975
57.873676	0.013843548
57.893684	0.014982422
57.91369	0.014895575
57.933697	0.015653603
57.9537	0.016952429
57.973705	0.017555581
57.993713	0.018359914
58.013718	0.019032313
58.033726	0.018922571
58.05373	0.019317208
58.073734	0.019771341
58.093742	0.020015048
58.113747	0.019932294
58.13375	0.020437952
58.15376	0.02087644
58.173763	0.020510167
58.19377	0.020286681
58.213776	0.020223575
58.23378	0.019668214
58.253788	0.019321967
58.273792	0.019422568
58.293797	0.0193435
58.313805	0.019101238
58.33381	0.018690616
58.353817	0.018157156
58.37382	0.018501682
58.393826	0.017609214
58.413834	0.016560497
58.433838	0.016181892
58.453842	0.015842933
58.47385	0.015170018
58.493855	0.014532062
58.513863	0.013700753
58.533867	0.012297152
58.55387	0.011437715
58.57388	0.010615807
58.593884	0.010133627
58.613888	0.009729556
58.633896	0.009452204
58.6539	0.009029192
58.67391	0.008645507
58.693913	0.009029102
58.713917	0.009321441
58.733925	0.009177634
58.75393	0.009386165
58.773937	0.009561819
58.79394	0.009442336
58.813946	0.009429986
58.833954	0.009469684
58.85396	0.009555488
58.873962	0.009517849
58.89397	0.009400424
58.913975	0.00971787
58.933983	0.009884964
58.953987	0.010085622
58.97399	0.010823869
58.994	0.010643628
59.014004	0.010877273
59.034008	0.011084375
59.054016	0.010916624
59.07402	0.011256176
59.09403	0.011914781
59.114033	0.012376281
59.134037	0.012294635
59.154045	0.012574935
59.17405	0.012998255
59.194054	0.012957126
59.21406	0.013029533
59.234066	0.013860882
59.254074	0.014370413
59.27408	0.014707353
59.294083	0.015534563
59.31409	0.016049437
59.334095	0.01581828
59.3541	0.015082752
59.374107	0.01628816
59.39411	0.016233228
59.41412	0.016212665
59.434124	0.017410098
59.45413	0.018028086
59.474136	0.019431835
59.49414	0.020646889
59.51415	0.020219494
59.534153	0.021288855
59.554157	0.02259165
59.574165	0.024341045
59.59417	0.023478545
59.614174	0.023806771
59.634182	0.024626143
59.654186	0.025140597
59.674194	0.024483446
59.6942	0.022650449
59.714203	0.025360895
59.73421	0.025592893
59.754215	0.02625234
59.77422	0.027870467
59.794228	0.026957843
59.81423	0.026813585
59.83424	0.026390659
59.854244	0.025979346
59.87425	0.028445145
59.894257	0.0289103
59.91426	0.02604731
59.934265	0.02671703
59.954273	0.02801205
59.974277	0.02984946
59.994286	0.030816376
60.01429	0.029506765
60.034294	0.02838744
60.054302	0.026172066
60.074306	0.025545437
60.09431	0.025642347
60.11432	0.027904263
60.134323	0.02690602
60.15433	0.025095606
60.174335	0.024202023
60.19434	0.022561893
60.214348	0.021178916
60.234352	0.019824948
60.25436	0.018202942
60.274364	0.017853975
60.29437	0.016518727
60.314377	0.01580152
60.33438	0.015807055
60.354385	0.014500148
60.374393	0.013547786
60.394398	0.012609538
60.414406	0.011893087
60.43441	0.011186716
60.454414	0.010323237
60.474422	0.009477263
60.494427	0.009119082
60.51443	0.008725657
60.53444	0.008454472
60.554443	0.008153641
60.57445	0.007879891
60.594456	0.007766799
60.61446	0.007596726
60.634468	0.007173936
60.654472	0.006933467
60.674477	0.006995923
60.694485	0.007008636
60.71449	0.007102686
60.734497	0.007089126
60.7545	0.006631309
60.774506	0.006136545
60.794514	0.005681031
60.814518	0.005882704
60.834522	0.005935715
60.85453	0.005719985
60.874535	0.005322355
60.894543	0.00502453
60.914547	0.005510364
60.93455	0.005690907
60.95456	0.00575731
60.974564	0.006330957
60.99457	0.007205778
61.014576	0.007080694
61.03458	0.007166345
61.05459	0.007208663
61.074593	0.007152715
61.094597	0.007208327
61.114605	0.007131427
61.13461	0.007556744
61.154617	0.007734824
61.17462	0.00784524
61.194626	0.008220898
61.214634	0.008669494
61.23464	0.008916451
61.254642	0.009109432
61.27465	0.008982944
61.294655	0.009005956
61.314663	0.009645499
61.334667	0.010879768
61.35467	0.009911345
61.37468	0.010196202
61.394684	0.01113244
61.41469	0.012087163
61.434696	0.013167992
61.4547	0.013861512
61.47471	0.014203665
61.494713	0.014498463
61.514717	0.014605122
61.534725	0.015372307
61.55473	0.015855836
61.574734	0.016180512
61.59474	0.01664732
61.614746	0.017378509
61.634754	0.018952873
61.65476	0.01945915
61.674763	0.019813478
61.69477	0.020646695
61.714775	0.020883711
61.734783	0.021801028
61.754787	0.022443797
61.77479	0.022663293
61.7948	0.02423683
61.814804	0.024378454
61.83481	0.024899779
61.854816	0.025723154
61.87482	0.027152508
61.89483	0.028062873
61.914833	0.028193293
61.934837	0.029075973
61.954845	0.029573912
61.97485	0.029988915
61.994854	0.029028995
62.014862	0.02847384
62.034866	0.02831992
62.054874	0.028297467
62.07488	0.027306702
62.094883	0.0258446
62.11489	0.025089853
62.134895	0.02446879
62.1549	0.022640323
62.174908	0.021281596
62.194912	0.020804461
62.21492	0.019151082
62.234924	0.017850839
62.25493	0.01705312
62.274937	0.0163037
62.29494	0.015490032
62.314945	0.014070049
62.334953	0.012724144
62.354958	0.011752429
62.374966	0.010395562
62.39497	0.010717045
62.414974	0.011662063
62.434982	0.012880747
62.454987	0.010946418
62.474995	0.010749348
62.495	0.010769242
62.515003	0.0105425
62.53501	0.010712
62.555016	0.010276441
62.57502	0.01031466
62.595028	0.011177426
62.615032	0.010474748
62.63504	0.009691128
62.655045	0.009434476
62.67505	0.009162661
62.695057	0.009042399
62.71506	0.008969329
62.735065	0.008936095
62.755074	0.009330025
62.775078	0.009130712
62.795086	0.009066826
62.81509	0.009953372
62.835094	0.010254283
62.855103	0.010552154
62.875107	0.010238066
62.89511	0.010230348
62.91512	0.011094255
62.935123	0.012893571
62.95513	0.012437083
62.975136	0.011622281
62.99514	0.011163159
63.01515	0.011012876
63.035152	0.011599495
63.05516	0.011621154
63.075165	0.011535744
63.09517	0.010894383
63.115177	0.011040711
63.13518	0.011024355
63.155186	0.010697902
63.175194	0.010439449
63.195198	0.010132403
63.215206	0.010077805
63.23521	0.010246581
63.255215	0.009880104
63.275223	0.009767097
63.295227	0.009535975
63.31523	0.009401094
63.33524	0.009322139
63.355244	0.00886287
63.37525	0.008285314
63.395256	0.007991139
63.41526	0.007524648
63.43527	0.007039094
63.455273	0.006822793
63.475277	0.006937166
63.495285	0.006679098
63.51529	0.006276078
63.535297	0.005981288
63.5553	0.005874823
63.575306	0.00546052
63.595314	0.005231818
63.61532	0.005126924
63.635323	0.004919016
63.65533	0.004985282
63.675335	0.005161423
63.695343	0.005220787
63.715347	0.00520024
63.73535	0.005077662
63.75536	0.004835243
63.775364	0.004930515
63.795372	0.005135927
63.815376	0.005245691
63.83538	0.005333758
63.85539	0.005402472
63.875393	0.005540755
63.895397	0.005884055
63.915405	0.00607687
63.93541	0.006218603
63.955418	0.005680327
63.97542	0.005240018
63.995426	0.005203369
64.015434	0.005738386
64.03544	0.005905686
64.05544	0.006045745
64.07545	0.006129864
64.09546	0.006190716
64.11546	0.006276977
64.13547	0.006584079
64.15547	0.007053947
64.175476	0.006752616
64.19549	0.006709989
64.21549	0.006889032
64.2355	0.00674772
64.2555	0.007089235
64.275505	0.007455112
64.29551	0.007560725
64.31552	0.007791782
64.335526	0.008724866
64.35553	0.009093398
64.375534	0.008318631
64.39554	0.008213337
64.41555	0.008697106
64.435555	0.008706266
64.45556	0.008749823
64.47556	0.008716133
64.49557	0.008535003
64.51558	0.008472341
64.53558	0.008482894
64.55559	0.009479828
64.57559	0.008531224
64.5956	0.008334126
64.61561	0.007975113
64.63561	0.007756347
64.65562	0.007883121
64.67562	0.007871937
64.695625	0.007818054
64.71563	0.007752501
64.73564	0.007802421
64.755646	0.007958412
64.77565	0.007685714
64.795654	0.008131354
64.81566	0.008308007
64.83567	0.008198649
64.855675	0.008148522
64.87568	0.007911315
64.89568	0.008046696
64.91569	0.007929771
64.9357	0.007775292
64.9557	0.008030216
64.97571	0.008094577
64.99571	0.008222595
65.01572	0.008365408
65.03572	0.008653749
65.05573	0.008598297
65.07574	0.008927534
65.09574	0.00894468
65.115746	0.008196063
65.13575	0.00805803
65.15576	0.008017214
65.175766	0.008712552
65.19577	0.009703461
65.215775	0.010500734
65.23578	0.010686035
65.25579	0.010963122
65.275795	0.010970053
65.2958	0.011659094
65.3158	0.012429803
65.33581	0.012376955
65.35582	0.012133071
65.375824	0.012591046
65.39583	0.012806479
65.41583	0.01358986
65.43584	0.014589473
65.45584	0.014790365
65.47585	0.015287468
65.49586	0.016217746
65.51586	0.016102009
65.535866	0.016894653
65.55587	0.01714875
65.57588	0.017123654
65.59589	0.017225562
65.61589	0.01683611
65.635895	0.016429609
65.6559	0.016561685
65.67591	0.018173018
65.695915	0.017882856
65.71592	0.01672761
65.73592	0.017681507
65.75593	0.016874334
65.77593	0.01807471
65.795944	0.019330695
65.81595	0.01855121
65.83595	0.017611
65.85596	0.017412532
65.87596	0.016270077
65.89597	0.01600536
65.91598	0.015807793
65.93598	0.015602608
65.955986	0.015688946
65.97599	0.015368936
65.996	0.015505146
66.01601	0.015101432
66.03601	0.015586111
66.056015	0.015912725
66.07602	0.014780157
66.09603	0.015450694
66.116035	0.014963488
66.13604	0.014361362
66.156044	0.014863649
66.17605	0.014731698
66.19605	0.015382861
66.216064	0.015858697
66.23607	0.01634838
66.25607	0.016732136
66.27608	0.017473046
66.29608	0.018643444
66.31609	0.018318566
66.3361	0.020378046
66.3561	0.020821117
66.37611	0.020581026
66.39611	0.021776468
66.41612	0.021734053
66.43613	0.022007952
66.45613	0.021106265
66.476135	0.020891072
66.49614	0.019828819
66.51614	0.019192623
66.536156	0.017630309
66.55616	0.016809924
66.576164	0.014932273
66.59617	0.013960986
66.61617	0.012782171
66.636185	0.011798293
66.65619	0.011164127
66.67619	0.010562904
66.6962	0.009934806
66.7162	0.009526957
66.73621	0.009261503
66.75622	0.00832328
66.77622	0.007153652
66.79623	0.005736223
66.81623	0.006492388
66.83624	0.006341541
66.85625	0.006609177
66.87625	0.00669969
66.896255	0.006142253
66.91626	0.006030566
66.936264	0.005292637
66.956276	0.004552518
66.97628	0.004891033
66.996284	0.004607016
67.01629	0.004275107
67.03629	0.004020028
67.056305	0.003790207
67.07631	0.004334757
67.09631	0.004370233
67.11632	0.004402506
67.13632	0.004576678
67.156334	0.004485347
67.17634	0.004233713
67.19634	0.004693453
67.21635	0.004673717
67.23635	0.004636933
67.256355	0.004887522
67.27637	0.005188203
67.29637	0.005334565
67.316376	0.005377449
67.33638	0.005390662
67.356384	0.005500189
67.376396	0.005461162
67.3964	0.005176306
67.416405	0.00515264
67.43641	0.005472262
67.45641	0.006052036
67.476425	0.006164563
67.49643	0.005933053
67.51643	0.006267563
67.53644	0.006544075
67.55644	0.00712926
67.576454	0.007078577
67.59646	0.006862404
67.61646	0.007178235
67.63647	0.007378351
67.65647	0.007410944
67.676476	0.007390831
67.69649	0.007612614
67.71649	0.007705155
67.736496	0.007661825
67.7565	0.007697429
67.776505	0.007879385
67.79652	0.008039027
67.81652	0.007829455
67.836525	0.007570071
67.85653	0.007710792
67.87653	0.007600921
67.896545	0.007574344
67.91655	0.007578796
67.936554	0.00682474
67.95656	0.006685902
67.97656	0.0069195
67.99657	0.006887005
68.01658	0.006604656
68.03658	0.006458176
68.05659	0.006161307
68.07659	0.005700955
68.096596	0.005937938
68.11661	0.005730973
68.13661	0.005694978
68.15662	0.005716222
68.17662	0.005769808
68.196625	0.005895352
68.21664	0.005793125
68.23664	0.005728005
68.256645	0.005897536
68.27665	0.006073253
68.29665	0.005649304
68.316666	0.005589892
68.33667	0.00568914
68.356674	0.005462508
68.37668	0.005740968
68.39668	0.005575655
68.41669	0.005240826
68.4367	0.005619467
68.4567	0.005679005
68.47671	0.00530771
68.49671	0.004999492
68.516716	0.004805096
68.53673	0.004344308
68.55673	0.003648161
68.57674	0.003219542
68.59674	0.003791943
68.616745	0.004003701
68.63676	0.004085904
68.65676	0.004425283
68.676765	0.004741733
68.69677	0.004778428
68.716774	0.004867983
68.73678	0.00454087
68.75679	0.004535055
68.776794	0.004839217
68.7968	0.004453644
68.8168	0.004485676
68.83681	0.004914737
68.85682	0.004988044
68.87682	0.005352887
68.89683	0.005451141
68.91683	0.005770428
68.93684	0.006086359
68.95685	0.006225511
68.97685	0.006386306
68.99686	0.006055036
69.01686	0.006760988
69.036865	0.006922491
69.05688	0.007095789
69.07688	0.007515357
69.096886	0.007297212
69.11689	0.007346862
69.136894	0.007625654
69.1569	0.007864472
69.17691	0.00784492
69.196915	0.007837105
69.21692	0.007881956
69.23692	0.007932891
69.25693	0.007892536
69.27694	0.007934864
69.29694	0.007717046
69.31695	0.007546744
69.33695	0.00720817
69.35696	0.007072031
69.37697	0.006747462
69.39697	0.006429931
69.41698	0.006337773
69.43698	0.005893896
69.456985	0.005877561
69.47699	0.005893616
69.497	0.005785251
69.517006	0.005823953
69.53701	0.005856996
69.557014	0.005643323
69.57702	0.005857893
69.59703	0.00584724
69.617035	0.005997803
69.63704	0.00623416
69.65704	0.006205322
69.67705	0.006513349
69.69706	0.006959926
69.717064	0.006730537
69.73707	0.006666902
69.75707	0.006752592
69.77708	0.0067002
69.79709	0.006481485
69.81709	0.006793906
69.8371	0.006732892
69.8571	0.006581971
69.877106	0.006436963
69.89711	0.006105844
69.91712	0.006161421
69.937126	0.006053319
69.95713	0.005669744
69.977135	0.00503229
69.99714	0.005750097
70.01715	0.006215491
70.037155	0.005975963
70.05716	0.005886457
70.07716	0.006073676
70.09717	0.00638969
70.11718	0.006973255
70.137184	0.007058175
70.15719	0.007002758
70.17719	0.007005716
70.1972	0.007107986
70.2172	0.007371763
70.23721	0.007316852
70.25722	0.007256501
70.27722	0.007305743
70.297226	0.007468618
70.31723	0.007370014
70.33724	0.007485629
70.35725	0.007406259
70.37725	0.007135315
70.397255	0.007257243
70.41726	0.00736439
70.43727	0.007079294
70.457275	0.007427454
70.47728	0.00755258
70.497284	0.007367835
70.51729	0.007385589
70.5373	0.007489374
70.557304	0.007547947
70.57731	0.007287446
70.59731	0.006955148
70.61732	0.006304883
70.63732	0.006310035
70.65733	0.006532409
70.67734	0.00662003
70.69734	0.006116486
70.71735	0.006068633
70.73735	0.005977133
70.75736	0.00583079
70.77737	0.005765813
70.79737	0.005675845
70.817375	0.006058642
70.83738	0.006207707
70.85739	0.006023815
70.877396	0.006226341
70.8974	0.006438959
70.917404	0.00598751
70.93741	0.006173011
70.95741	0.006890832
70.977425	0.006879799
70.99743	0.006423976
71.01743	0.007134161
71.03744	0.007269566
71.05744	0.007612826
71.07745	0.008136306
71.09746	0.008585626
71.11746	0.009355387
71.13747	0.009214451
71.15747	0.00897482
71.17748	0.009930458
71.19749	0.010463798
71.21749	0.011078508
71.237495	0.011118903
71.2575	0.010583688
71.27751	0.011270547
71.297516	0.011889159
71.31752	0.012610897
71.337524	0.01308365
71.35753	0.012545637
71.37753	0.012673981
71.397545	0.012513817
71.41755	0.012359703
71.43755	0.012518899
71.45756	0.011970165
71.47756	0.011535498
71.497574	0.010538312
71.51758	0.010413738
71.53758	0.010885222
71.55759	0.010650625
71.57759	0.009648576
71.5976	0.009480036
71.61761	0.008903621
71.63761	0.008864186
71.657616	0.008970013
71.67762	0.008474488
71.697624	0.008061896
71.717636	0.007830595
71.73764	0.007138068
71.757645	0.007182832
71.77765	0.007214429
71.79765	0.007076506
71.817665	0.007018036
71.83767	0.006953733
71.85767	0.007783605
71.87768	0.007643974
71.89768	0.006537611
71.917694	0.006820976
71.9377	0.007270341
71.9577	0.007025299
71.97771	0.007741296
71.99771	0.008581275
72.01772	0.008484184
72.03773	0.008633724
72.05773	0.008688811
72.077736	0.008586863
72.09774	0.009144751
72.117744	0.009180697
72.13776	0.009152793
72.15776	0.01023541
72.177765	0.010065785
72.19777	0.010140717
72.21777	0.010213031
72.237785	0.009987386
72.25779	0.01020125
72.277794	0.010263078
72.2978	0.010294535
72.3178	0.01016359
72.337814	0.010899415
72.35782	0.011475295
72.37782	0.011874893
72.39783	0.012297455
72.41783	0.012894918
72.437836	0.013298584
72.45785	0.013651
72.47785	0.01415369
72.497856	0.014443934
72.51786	0.014698207
72.537865	0.014930941
72.55788	0.015069446
72.57788	0.015155055
72.597885	0.015009262
72.61789	0.014675698
72.63789	0.01472994
72.657906	0.014089
72.67791	0.013243176
72.697914	0.013085188
72.71792	0.012629829
72.73792	0.01243549
72.757935	0.012393583
72.77794	0.012689794
72.79794	0.0128452
72.81795	0.012619798
72.83795	0.012465406
72.857956	0.012042538
72.87797	0.011775288
72.89797	0.011864147
72.91798	0.011601944
72.93798	0.011421775
72.957985	0.011363408
72.978	0.01101642
72.998	0.010937197
73.018005	0.011349457
73.03801	0.011321553
73.058014	0.0113874
73.078026	0.011060044
73.09803	0.01044355
73.118034	0.010439786
73.13804	0.010620663
73.15804	0.010586366
73.17805	0.010504559
73.19806	0.010810501
73.21806	0.010082609
73.23807	0.009204399
73.25807	0.008613042
73.278076	0.00841757
73.29809	0.008489662
73.31809	0.00847593
73.3381	0.008349905
73.3581	0.008738957
73.378105	0.009117524
73.39812	0.008854764
73.41812	0.009529854
73.438126	0.009843804
73.45813	0.010091487
73.478134	0.010617206
73.498146	0.01047388
73.51815	0.010048842
73.538155	0.010636993
73.55816	0.010627001
73.57816	0.010946703
73.59817	0.011532681
73.61818	0.01141088
73.63818	0.011584553
73.65819	0.012360913
73.67819	0.011989807
73.6982	0.01171421
73.71821	0.011063966
73.73821	0.010880589
73.75822	0.010776435
73.77822	0.011128019
73.798225	0.011118538
73.81824	0.011156227
73.83824	0.011512222
73.858246	0.011350603
73.87825	0.011246015
73.898254	0.011546779
73.91826	0.011264487
73.93827	0.011045089
73.958275	0.010933945
73.97828	0.009025083
73.99828	0.009648707
74.01829	0.009976855
74.0383	0.008942598
74.058304	0.009132145
74.07831	0.008797755
74.09831	0.008899259
74.11832	0.00952953
74.13833	0.009846595
74.15833	0.009613622
74.17834	0.008621082
74.19834	0.009251138
74.218346	0.00937763
74.23836	0.009239751
74.25836	0.008839093
74.278366	0.008293244
74.29837	0.007662617
74.318375	0.007693788
74.33838	0.007558567
74.35839	0.007024863
74.378395	0.007285306
74.3984	0.007259859
74.4184	0.007202023
74.43841	0.007187312
74.45842	0.007774571
74.478424	0.008704275
74.49843	0.007858914
74.51843	0.007700892
74.53844	0.008025191
74.55845	0.007761575
74.57845	0.007727133
74.59846	0.007591023
74.61846	0.007735086
74.638466	0.007665621
74.65847	0.007759954
74.67848	0.006685555
74.69849	0.006946705
74.71849	0.007708751
74.738495	0.008001599
74.7585	0.00926763
74.77851	0.008830896
74.798515	0.008062263
74.81852	0.008824059
74.838524	0.009191635
74.85853	0.009317198
74.87854	0.009507734
74.898544	0.010035941
74.91855	0.010079887
74.93855	0.011079512
74.95856	0.012234123
74.97857	0.012302256
74.99857	0.013425041
75.01858	0.014188331
75.03858	0.014923659
75.058586	0.015184583
75.07859	0.016619056
75.0986	0.017693263
75.11861	0.019309785
75.13861	0.019585682
75.158615	0.020533271
75.17862	0.023045782
75.19863	0.023948794
75.218636	0.024538927
75.23864	0.027201215
75.258644	0.0279743
75.27865	0.02979108
75.29866	0.030480284
75.318665	0.03121734
75.33867	0.030442456
75.35867	0.030045552
75.37868	0.029722948
75.39868	0.029474126
75.41869	0.028676605
75.4387	0.02906204
75.4587	0.029129703
75.47871	0.029179925
75.49871	0.029180449
75.51872	0.028987313
75.53873	0.027831232
75.55873	0.027111525
75.578735	0.026252843
75.59874	0.024403
75.61875	0.0230739
75.638756	0.021298854
75.65876	0.02060206
75.678764	0.01956481
75.69877	0.018112324
75.71878	0.017049512
75.738785	0.015849316
75.75879	0.014038051
75.77879	0.012521082
75.7988	0.011044676
75.8188	0.010131282
75.83881	0.009357045
75.85882	0.009255149
75.87882	0.008520683
75.89883	0.008537291
75.91883	0.008766523
75.93884	0.008848895
75.95885	0.008894449
75.97885	0.009238327
75.998856	0.009203243
76.01886	0.009388046
76.03887	0.009314938
76.058876	0.009080355
76.07888	0.00896952
76.098885	0.009318769
76.11889	0.009008457
76.13889	0.008973107
76.158905	0.009325681
76.17891	0.009585331
76.19891	0.009301377
76.21892	0.009258287
76.23892	0.010124145
76.258934	0.009244591
76.27894	0.00905649
76.29894	0.009506481
76.31895	0.008694589
76.33895	0.009300986
76.35896	0.008431786
76.37897	0.007062723
76.39897	0.005465604
76.418976	0.006470669
76.43898	0.006391997
76.45899	0.006165196
76.479	0.006444842
76.499	0.00634354
76.519005	0.00666037
76.53901	0.006685454
76.55901	0.005184187
76.579025	0.005998719
76.59903	0.006254966
76.61903	0.005777253
76.63904	0.005398659
76.65904	0.006093831
76.679054	0.005869565
76.69906	0.005728972
76.71906	0.006202318
76.73907	0.006500468
76.75907	0.00688296
76.77908	0.00671707
76.79909	0.006707663
76.81909	0.006181205
76.839096	0.006028049
76.8591	0.006590375
76.879105	0.007000767
76.89912	0.006143449
76.91912	0.005053968
76.939125	0.005815049
76.95913	0.006176636
76.97913	0.005991146
76.999146	0.005749084
77.01915	0.005297349
77.039154	0.004550557
77.05916	0.005309303
77.07916	0.005718607
77.099174	0.00599922
77.11918	0.006477424
77.13918	0.005890865
77.15919	0.005551677
77.17919	0.005847399
77.1992	0.005373368
77.21921	0.00571308
77.23921	0.007082256
77.25922	0.006427605
77.27922	0.005491255
77.299225	0.004501108
77.31924	0.005255169
77.33924	0.006322776
77.359245	0.007475664
77.37925	0.007203625
77.399254	0.007409315
77.419266	0.00751306
77.43927	0.007328457
77.459274	0.007755996
77.47928	0.007754546
77.49928	0.008099708
77.519295	0.008883248
77.5393	0.008197119
77.5593	0.007187624
77.57931	0.007692843
77.59931	0.007704433
77.619316	0.007270044
77.63933	0.00738939
77.65933	0.007653965
77.67934	0.00760177
77.69934	0.007268047
77.719345	0.007357442
77.73936	0.007160018
77.75936	0.007546002
77.779366	0.007797053
77.79937	0.006867175
77.819374	0.006821711
77.839386	0.006585966
77.85939	0.005887324
77.879395	0.007114293
77.8994	0.008352328
77.9194	0.007569695
77.939415	0.007128144
77.95942	0.006918045
77.97942	0.008013386
77.99943	0.008641085
78.01943	0.008660755
78.03944	0.008659095
78.05945	0.008782825
78.07945	0.008972375
78.09946	0.008995783
78.11946	0.008646213
78.139465	0.008554192
78.15948	0.008342524
78.17948	0.007964132
78.199486	0.00821949
78.21949	0.008034721
78.239494	0.00759079
78.25951	0.007426807
78.27951	0.006675162
78.299515	0.006145578
78.31952	0.006195389
78.33952	0.005969441
78.35953	0.005711958
78.37954	0.006223003
78.39954	0.006648642
78.41955	0.006460759
78.43955	0.006288336
78.45956	0.006249572
78.47957	0.00585785
78.49957	0.005733111
78.51958	0.005068748
78.53958	0.005146808
78.559586	0.005181743
78.5796	0.005308003
78.5996	0.005698489
78.619606	0.005413297
78.63961	0.005180008
78.659615	0.00579111
78.67963	0.005414132
78.69963	0.005023836
78.719635	0.005872286
78.73964	0.006363289
78.75964	0.005873655
78.77965	0.005700825
78.79966	0.006732662
78.819664	0.006832224
78.83967	0.007321287
78.85967	0.007400407
78.87968	0.007224895
78.89969	0.007913893
78.91969	0.007419395
78.9397	0.006065575
78.9597	0.008432306
78.979706	0.008100839
78.99972	0.008413818
79.01972	0.008744677
79.03973	0.008530009
79.05973	0.00842085
79.079735	0.007044506
79.09974	0.007352148
79.11975	0.007873759
79.139755	0.007596104
79.15976	0.007396297
79.17976	0.00733705
79.19977	0.007329795
79.21978	0.006901447
79.239784	0.007279007
79.25979	0.00849213
79.27979	0.007517847
79.2998	0.006367661
79.31981	0.006530038
79.33981	0.006129102
79.35982	0.006478082
79.37982	0.006616292
79.399826	0.00507049
79.41984	0.005619981
79.43984	0.005552797
79.45985	0.005335901
79.47985	0.005340126
79.499855	0.005412371
79.51986	0.005425755
79.53987	0.005111355
79.559875	0.005359355
79.57988	0.00530309
79.599884	0.00413536
79.61989	0.003319947
79.6399	0.003675247
79.659904	0.003765032
79.67991	0.003677232
79.69991	0.003530239
79.71992	0.003886865
79.73993	0.00391137
79.75993	0.003420688
79.77994	0.003301892
79.79994	0.003193909
79.81995	0.003418995
79.83995	0.003735128
79.85996	0.00308481
79.87997	0.002791477
79.89997	0.002901135
79.919975	0.003031398
79.93998	0.003574658
79.95999	0.004076598
79.979996	0.003725293
80	0.002754599
