10	0.002423127
10.020006	0.001966195
10.040011	0.002657479
10.060018	0.003248921
10.080023	0.003195242
10.100029	0.002646844
10.120034	0.002197004
10.14004	0.001975662
10.160046	0.00218155
10.180052	0.002708262
10.200057	0.002539974
10.220063	0.002327903
10.240068	0.002218675
10.260075	0.002448633
10.28008	0.002980855
10.300086	0.002718151
10.320091	0.002297281
10.340097	0.002939466
10.360103	0.003363633
10.380109	0.002492028
10.400114	0.002801294
10.42012	0.003619874
10.440125	0.003505054
10.460132	0.002883293
10.480137	0.002867882
10.500143	0.003588861
10.520148	0.003652438
10.540154	0.002939428
10.56016	0.003320366
10.580166	0.003533752
10.600171	0.003350692
10.620177	0.003195538
10.6401825	0.003714275
10.660189	0.003559717
10.680194	0.00338896
10.7002	0.003543038
10.720205	0.003105696
10.7402115	0.002908147
10.760218	0.003398238
10.780223	0.003477113
10.800229	0.002846134
10.820234	0.00261808
10.8402405	0.003331045
10.860246	0.003300608
10.880252	0.002982814
10.900257	0.003117797
10.920263	0.002620258
10.9402685	0.002602444
10.960275	0.003029937
10.98028	0.003111203
11.000286	0.003656578
11.020291	0.00347902
11.0402975	0.003212383
11.060303	0.002769478
11.080309	0.00260273
11.100314	0.002792628
11.12032	0.00271093
11.140326	0.003186268
11.160332	0.00326831
11.180337	0.003306783
11.200343	0.002674758
11.220348	0.002305847
11.240355	0.00269883
11.26036	0.002738374
11.280366	0.00270342
11.300371	0.00299042
11.320377	0.002911974
11.340383	0.002707536
11.360389	0.00259226
11.380394	0.002758412
11.4004	0.002946765
11.420405	0.002987607
11.440412	0.003343758
11.460417	0.003312636
11.480423	0.003345931
11.500429	0.003467314
11.520434	0.003911465
11.540441	0.00405389
11.560446	0.003719548
11.580452	0.004308046
11.600457	0.004101266
11.620463	0.003288762
11.640469	0.002967292
11.660475	0.003079682
11.68048	0.003322445
11.700486	0.003225106
11.720491	0.002937979
11.740498	0.003467374
11.760503	0.003133691
11.780509	0.003053283
11.800514	0.003494592
11.82052	0.00296508
11.840526	0.002975794
11.860532	0.002548607
11.880537	0.00298294
11.900543	0.00371472
11.920548	0.002865453
11.940555	0.003599037
11.96056	0.003435738
11.980566	0.002795364
12.000571	0.00321794
12.020577	0.003439697
12.040583	0.003416338
12.060589	0.00388721
12.080594	0.003307835
12.1006	0.002804363
12.120605	0.00281717
12.140612	0.003319605
12.160617	0.004284351
12.180623	0.004533486
12.200628	0.004594983
12.220634	0.005186061
12.240641	0.004513441
12.260646	0.003755006
12.280652	0.003640784
12.300657	0.003138089
12.320663	0.002809119
12.340669	0.003021947
12.360675	0.003166716
12.38068	0.003450599
12.400686	0.00318911
12.4206915	0.003479763
12.440698	0.003207492
12.460703	0.002641943
12.480709	0.003679131
12.500714	0.004126249
12.5207205	0.002921486
12.540726	0.00272527
12.560732	0.003327953
12.580737	0.003757912
12.600743	0.003496637
12.6207485	0.004052477
12.640755	0.00434931
12.66076	0.003813593
12.680766	0.003671376
12.700771	0.003909102
12.7207775	0.003833561
12.740783	0.004122634
12.760789	0.004349708
12.780794	0.003771961
12.8008	0.00367351
12.820806	0.003784379
12.840812	0.003298019
12.860817	0.003085228
12.880823	0.003159133
12.900828	0.002878083
12.920835	0.003407962
12.94084	0.003571827
12.960846	0.002908911
12.980852	0.002897178
13.000857	0.00292785
13.020864	0.003562972
13.040869	0.003851842
13.060875	0.004170963
13.08088	0.004300057
13.100886	0.003929948
13.120892	0.003842196
13.140898	0.003624283
13.160903	0.004036466
13.180909	0.00365411
13.200914	0.003327827
13.220921	0.004075522
13.240926	0.004113858
13.260932	0.004040039
13.280937	0.003996474
13.300943	0.003299593
13.320949	0.002435759
13.340955	0.002319117
13.36096	0.002911159
13.380966	0.003194094
13.400971	0.003435846
13.420978	0.003910265
13.440983	0.003791264
13.460989	0.003306461
13.480994	0.003402819
13.501	0.003390008
13.521006	0.003169627
13.541012	0.003362527
13.561017	0.003219775
13.581023	0.002582147
13.601028	0.002253011
13.621035	0.002990747
13.64104	0.003501125
13.661046	0.003172885
13.681051	0.003247014
13.701057	0.003130467
13.721064	0.002665747
13.741069	0.00257973
13.761075	0.002895206
13.78108	0.003007505
13.801086	0.002943171
13.821092	0.002583524
13.841098	0.002683927
13.861103	0.00285395
13.881109	0.003003601
13.901114	0.003634357
13.921121	0.003782852
13.941126	0.003552412
13.961132	0.003169412
13.981137	0.003645616
14.001143	0.003706596
14.021149	0.003347848
14.041155	0.003594313
14.06116	0.003542842
14.081166	0.003421471
14.1011715	0.00309853
14.121178	0.003332673
14.141183	0.003283152
14.161189	0.002945628
14.181194	0.003451212
14.2012005	0.003779801
14.221206	0.003805992
14.241212	0.004383829
14.261217	0.004761291
14.281223	0.005064211
14.301229	0.005443099
14.321235	0.004883848
14.34124	0.004475198
14.361246	0.004224747
14.381251	0.00332351
14.4012575	0.002860877
14.421264	0.003182195
14.441269	0.003898048
14.461275	0.003410226
14.48128	0.002665908
14.5012865	0.002442048
14.521292	0.002813063
14.541298	0.002835839
14.561303	0.003310062
14.581309	0.003878762
14.601315	0.004103831
14.621321	0.004845387
14.641326	0.005295061
14.661332	0.00543201
14.681337	0.005599814
14.701344	0.005095454
14.721349	0.004183145
14.741355	0.003222617
14.76136	0.002751058
14.781366	0.002832074
14.801372	0.002402233
14.821378	0.002277853
14.841383	0.002614298
14.861389	0.002882167
14.881394	0.003044421
14.901401	0.003033814
14.921406	0.003120873
14.941412	0.003446951
14.961417	0.002933
14.981423	0.002705586
15.001429	0.003030443
15.021435	0.003400297
15.04144	0.003014081
15.061446	0.002906168
15.081451	0.003200082
15.101458	0.003314796
15.121463	0.003417868
15.141469	0.003448945
15.161475	0.003528446
15.18148	0.003562104
15.201487	0.003415362
15.221492	0.003921615
15.241498	0.003815526
15.261503	0.003556759
15.281509	0.003459883
15.301515	0.00329114
15.321521	0.002730678
15.341526	0.002421048
15.361532	0.002693704
15.381537	0.003331403
15.401544	0.003325981
15.421549	0.003248938
15.441555	0.004393883
15.46156	0.004062669
15.481566	0.003553733
15.501572	0.003269411
15.521578	0.003303564
15.541583	0.003958449
15.561589	0.003506017
15.581594	0.003233491
15.601601	0.003205753
15.621606	0.003482799
15.641612	0.004566242
15.661617	0.004545172
15.681623	0.004485131
15.701629	0.005057331
15.721635	0.005071148
15.74164	0.004186535
15.761646	0.003687604
15.7816515	0.004078706
15.801658	0.004022779
15.821663	0.003472378
15.841669	0.003510956
15.861674	0.003325175
15.8816805	0.002991224
15.901687	0.002746661
15.921692	0.002563492
15.941698	0.002519692
15.961703	0.003119365
15.9817095	0.004034412
16.001715	0.004566603
16.02172	0.004831886
16.041727	0.004715329
16.061731	0.004390576
16.081738	0.004094663
16.101744	0.00377612
16.12175	0.003799269
16.141754	0.003717008
16.16176	0.003754481
16.181767	0.003507004
16.201773	0.003173533
16.221777	0.003111575
16.241783	0.002977931
16.26179	0.002916042
16.281796	0.003073158
16.3018	0.003282958
16.321806	0.003093142
16.341812	0.003321454
16.361818	0.003324784
16.381823	0.00310919
16.401829	0.003055167
16.421835	0.002787097
16.441841	0.002636613
16.461845	0.002699097
16.481852	0.002909509
16.501858	0.003456085
16.521864	0.003883789
16.541868	0.00423733
16.561874	0.003730923
16.58188	0.003064609
16.601887	0.00289292
16.621891	0.003301118
16.641897	0.003458827
16.661903	0.003504299
16.68191	0.003306049
16.701916	0.00314115
16.72192	0.003092655
16.741926	0.002762181
16.761932	0.002511111
16.781939	0.002511717
16.801943	0.002956579
16.821949	0.003241972
16.841955	0.003412791
16.861961	0.003416735
16.881966	0.003496423
16.901972	0.003761256
16.921978	0.003793532
16.941984	0.003604624
16.961988	0.003466583
16.981995	0.003740897
17.002	0.003785016
17.022007	0.002973042
17.042011	0.002884942
17.062017	0.002953752
17.082024	0.003174221
17.10203	0.003277694
17.122034	0.003298058
17.14204	0.003438957
17.162046	0.003546533
17.182053	0.003468489
17.202057	0.002950052
17.222063	0.002913304
17.24207	0.003153724
17.262075	0.003480352
17.28208	0.003875441
17.302086	0.004353575
17.322092	0.004846009
17.342098	0.005136275
17.362103	0.005622561
17.382109	0.006192444
17.402115	0.007327535
17.422121	0.007988245
17.442127	0.00846134
17.462132	0.009048198
17.482138	0.009860077
17.502144	0.010212524
17.52215	0.010409595
17.542154	0.009654455
17.56216	0.008696553
17.582167	0.007949361
17.602173	0.006605275
17.622177	0.00528797
17.642183	0.004251452
17.66219	0.00382739
17.682196	0.003589686
17.7022	0.003630091
17.722206	0.003937515
17.742212	0.003932568
17.762218	0.003847744
17.782223	0.003620438
17.802229	0.003376759
17.822235	0.003412039
17.842241	0.003709956
17.862246	0.003644081
17.882252	0.003631116
17.902258	0.00348818
17.922264	0.003271843
17.942268	0.003778858
17.962275	0.003630767
17.98228	0.003547523
18.002287	0.004089705
18.022291	0.00490079
18.042297	0.00569761
18.062304	0.005592649
18.08231	0.005295934
18.102314	0.005145052
18.12232	0.005069532
18.142326	0.004567956
18.162333	0.004394563
18.182339	0.004382519
18.202343	0.004424168
18.22235	0.004947323
18.242355	0.005130305
18.262362	0.005395715
18.282366	0.005904745
18.302372	0.006088076
18.322378	0.006564105
18.342384	0.007219358
18.362389	0.007069073
18.382395	0.006761162
18.402401	0.006311126
18.422407	0.005780091
18.442411	0.005893568
18.462418	0.005570411
18.482424	0.004885758
18.50243	0.004773748
18.522434	0.0045327
18.54244	0.004214036
18.562447	0.004393257
18.582453	0.004460301
18.602457	0.0041668
18.622463	0.004307944
18.64247	0.00377977
18.662476	0.003489057
18.68248	0.00397199
18.702486	0.004683569
18.722492	0.004533466
18.742498	0.004760591
18.762503	0.005189214
18.782509	0.004664826
18.802515	0.0044491
18.822521	0.004493786
18.842527	0.004662741
18.862532	0.005976266
18.882538	0.006943868
18.902544	0.007817281
18.92255	0.008653618
18.942554	0.009325132
18.96256	0.01005374
18.982567	0.010627085
19.002573	0.011618413
19.022577	0.011282906
19.042583	0.011330796
19.06259	0.012854744
19.082596	0.015096034
19.1026	0.014337534
19.122606	0.012879163
19.142612	0.011466142
19.162619	0.009545038
19.182623	0.008803307
19.20263	0.007875125
19.222635	0.006043428
19.242641	0.004851047
19.262646	0.004596267
19.282652	0.00428156
19.302658	0.003800727
19.322664	0.003726168
19.342669	0.003998798
19.362675	0.004296164
19.38268	0.004241055
19.402687	0.004349636
19.422691	0.004259399
19.442698	0.003969336
19.462704	0.004025482
19.48271	0.004068328
19.502714	0.004017369
19.52272	0.004000631
19.542727	0.004315713
19.562733	0.004862131
19.582739	0.0050258
19.602743	0.005581192
19.62275	0.006073381
19.642756	0.006044491
19.662762	0.006253072
19.682766	0.007474332
19.702772	0.007238776
19.722778	0.006981784
19.742785	0.006801014
19.762789	0.006272655
19.782795	0.00586414
19.802801	0.00544835
19.822807	0.004891084
19.842812	0.004786543
19.862818	0.004610592
19.882824	0.004343521
19.90283	0.00482023
19.922834	0.005358183
19.94284	0.005089812
19.962847	0.005037756
19.982853	0.004936179
20.002857	0.005024968
20.022863	0.00517282
20.04287	0.005680902
20.062876	0.005504852
20.08288	0.006022232
20.102886	0.006701572
20.122892	0.007022146
20.142899	0.007193749
20.162903	0.006790083
20.182909	0.00730426
20.202915	0.009815207
20.222921	0.010514162
20.242926	0.011646944
20.262932	0.012483672
20.282938	0.014189733
20.302944	0.013717647
20.32295	0.01477977
20.342955	0.016470274
20.36296	0.015931793
20.382967	0.014694171
20.402973	0.012689652
20.422977	0.010338921
20.442984	0.008541173
20.46299	0.007852359
20.482996	0.007428149
20.503	0.00684641
20.523006	0.006952145
20.543013	0.00716354
20.563019	0.006790659
20.583023	0.006251949
20.60303	0.005600601
20.623035	0.004526381
20.643042	0.004234029
20.663046	0.004554171
20.683052	0.004999035
20.703058	0.003656131
20.723064	0.002796483
20.743069	0.002992784
20.763075	0.003492869
20.783081	0.003162034
20.803087	0.003568665
20.823092	0.003657652
20.843098	0.003044715
20.863104	0.002796783
20.88311	0.003364877
20.903114	0.003804157
20.92312	0.003590068
20.943127	0.003647118
20.963133	0.003865897
20.983137	0.003773413
21.003143	0.003469132
21.02315	0.003460409
21.043156	0.004495952
21.063162	0.00469571
21.083166	0.004391331
21.103172	0.004301325
21.123178	0.003570935
21.143185	0.003340012
21.163189	0.004117915
21.183195	0.004287181
21.203201	0.004354007
21.223207	0.004080914
21.243212	0.003732366
21.263218	0.003514024
21.283224	0.003410208
21.30323	0.003440222
21.323235	0.003987248
21.34324	0.004220828
21.363247	0.004422404
21.383253	0.004694315
21.403257	0.004772059
21.423264	0.005212904
21.44327	0.00440703
21.463276	0.00433212
21.48328	0.005354477
21.503286	0.006463704
21.523293	0.006118897
21.543299	0.005806827
21.563303	0.005609504
21.58331	0.005872496
21.603315	0.006152273
21.623322	0.005736903
21.643326	0.004822369
21.663332	0.004141556
21.683338	0.00428468
21.703344	0.004561982
21.723349	0.004210328
21.743355	0.004555073
21.763361	0.005121483
21.783367	0.004839041
21.803373	0.004920761
21.823378	0.004683938
21.843384	0.004776758
21.86339	0.005217565
21.883396	0.005918688
21.9034	0.007439754
21.923407	0.007007641
21.943413	0.006864659
21.963419	0.008157394
21.983423	0.009008415
22.00343	0.009230056
22.023436	0.010708472
22.043442	0.012216993
22.063446	0.012276728
22.083452	0.011733645
22.103458	0.011031142
22.123465	0.00958581
22.143469	0.008347447
22.163475	0.007406978
22.183481	0.005319427
22.203487	0.004378352
22.223492	0.004556774
22.243498	0.004329751
22.263504	0.003717926
22.28351	0.003753643
22.303514	0.003541585
22.32352	0.003315133
22.343527	0.003578074
22.363533	0.004056851
22.383537	0.004208761
22.403543	0.004244798
22.42355	0.004453755
22.443556	0.004734706
22.46356	0.00528055
22.483566	0.005943693
22.503572	0.006603525
22.523579	0.006776935
22.543585	0.006415214
22.56359	0.006247852
22.583595	0.005718434
22.603601	0.004919696
22.623608	0.004802201
22.643612	0.005510178
22.663618	0.006008538
22.683624	0.006815114
22.70363	0.006021823
22.723635	0.005676588
22.74364	0.005182213
22.763647	0.004834837
22.783653	0.004657752
22.803658	0.003734982
22.823664	0.003294354
22.84367	0.003395126
22.863676	0.003625783
22.88368	0.003759287
22.903687	0.004003893
22.923693	0.0041513
22.943699	0.00433369
22.963703	0.004175201
22.98371	0.004227445
23.003716	0.004671248
23.023722	0.005380923
23.043726	0.006084759
23.063732	0.006718793
23.083738	0.007223851
23.103745	0.007873942
23.123749	0.008998327
23.143755	0.009673912
23.163761	0.008912613
23.183767	0.007913725
23.203772	0.007189906
23.223778	0.007814614
23.243784	0.008635458
23.26379	0.008295358
23.283796	0.009110658
23.3038	0.008925445
23.323807	0.008124354
23.343813	0.007581725
23.36382	0.006850436
23.383823	0.005655609
23.40383	0.004895434
23.423836	0.00500275
23.443842	0.004330562
23.463846	0.003694373
23.483852	0.003968405
23.503859	0.004101815
23.523865	0.003477918
23.543869	0.003558755
23.563875	0.00343795
23.583881	0.00282656
23.603888	0.002600718
23.623892	0.003101707
23.643898	0.003052243
23.663904	0.002981516
23.68391	0.003353397
23.703915	0.003477374
23.72392	0.003694084
23.743927	0.003672149
23.763933	0.003686349
23.783937	0.003891305
23.803944	0.004440767
23.82395	0.004933791
23.843956	0.005547257
23.86396	0.006203024
23.883966	0.006410272
23.903973	0.005804998
23.923979	0.005685482
23.943983	0.006854022
23.96399	0.00811467
23.983995	0.009757886
24.004002	0.011844941
24.024008	0.013106215
24.044012	0.014785538
24.064018	0.01565857
24.084024	0.017250247
24.10403	0.018933082
24.124035	0.020674169
24.144041	0.020050503
24.164047	0.018963927
24.184053	0.016391242
24.204058	0.012592352
24.224064	0.010773296
24.24407	0.009940613
24.264076	0.00978596
24.28408	0.008968209
24.304087	0.008531434
24.324093	0.008167136
24.344099	0.008075208
24.364103	0.008517419
24.38411	0.010214389
24.404116	0.011218132
24.424122	0.012739397
24.444126	0.014618511
24.464132	0.015265737
24.484138	0.016421594
24.504145	0.017988719
24.524149	0.018980999
24.544155	0.01803127
24.564161	0.016063271
24.584167	0.014200745
24.604172	0.011812734
24.624178	0.009283506
24.644184	0.007375096
24.66419	0.005846653
24.684195	0.005203203
24.7042	0.005050621
24.724207	0.004793028
24.744213	0.004242735
24.76422	0.003436735
24.784224	0.003158046
24.80423	0.003171553
24.824236	0.003144685
24.844242	0.003222639
24.864246	0.002922068
24.884253	0.00246014
24.904259	0.002391394
24.924265	0.002818583
24.94427	0.00322142
24.964275	0.003244966
24.984282	0.003663557
25.004288	0.00306902
25.024292	0.002401115
25.044298	0.002517529
25.064304	0.002253941
25.08431	0.002196923
25.104315	0.002643246
25.124321	0.002676535
25.144327	0.003171112
25.164333	0.003225274
25.184338	0.003204526
25.204344	0.003224626
25.22435	0.002956757
25.244356	0.002712582
25.26436	0.003019904
25.284367	0.003800891
25.304373	0.003574255
25.324379	0.003459286
25.344383	0.003214157
25.36439	0.003221856
25.384396	0.003702261
25.404402	0.003849196
25.424406	0.004213091
25.444412	0.004769662
25.464418	0.004552162
25.484425	0.004453038
25.50443	0.00452307
25.524435	0.004141367
25.544441	0.003841473
25.564447	0.003633876
25.584454	0.003657458
25.604458	0.003977727
25.624464	0.004191864
25.64447	0.004071333
25.664476	0.004009456
25.68448	0.004638274
25.704487	0.004820262
25.724493	0.004805268
25.7445	0.00519128
25.764503	0.004792134
25.78451	0.004282758
25.804516	0.003511625
25.824522	0.00306568
25.844526	0.003202931
25.864532	0.003480709
25.884539	0.003651715
25.904545	0.00403557
25.92455	0.004359527
25.944555	0.004230019
25.964561	0.004132999
25.984568	0.003591914
26.004572	0.003091729
26.024578	0.003283065
26.044584	0.002917344
26.06459	0.002946891
26.084595	0.002777901
26.1046	0.002238223
26.124607	0.00204431
26.144613	0.002407965
26.164618	0.002445984
26.184624	0.001944555
26.20463	0.001838838
26.224636	0.002024789
26.244642	0.002345157
26.264647	0.002333632
26.284653	0.002172337
26.304659	0.002085588
26.324665	0.002279639
26.34467	0.002311404
26.364676	0.002452526
26.384682	0.002583682
26.404688	0.00298569
26.424692	0.003586356
26.444698	0.003666304
26.464705	0.004096688
26.48471	0.00464579
26.504715	0.005184041
26.524721	0.005631271
26.544727	0.006554279
26.564734	0.007775495
26.584738	0.008121117
26.604744	0.008672351
26.62475	0.009923636
26.644756	0.010667383
26.66476	0.009875206
26.684767	0.008793743
26.704773	0.008026323
26.72478	0.006476846
26.744783	0.004629708
26.76479	0.003834831
26.784796	0.003714164
26.804802	0.003221215
26.824806	0.002989346
26.844812	0.002853532
26.864819	0.002577145
26.884825	0.002620722
26.904829	0.002694666
26.924835	0.002451364
26.944841	0.002373891
26.964848	0.002304733
26.984854	0.002115995
27.004858	0.002263594
27.024864	0.002450299
27.04487	0.002273795
27.064877	0.002472382
27.08488	0.002386316
27.104887	0.002203339
27.124893	0.002106656
27.1449	0.002133742
27.164904	0.002624657
27.18491	0.003056573
27.204916	0.003040869
27.224922	0.003303237
27.244926	0.003732903
27.264933	0.004908968
27.284939	0.006023433
27.304945	0.007214889
27.32495	0.008093204
27.344955	0.00882561
27.364962	0.01054514
27.384968	0.011581379
27.404972	0.012539023
27.424978	0.012801569
27.444984	0.012556611
27.46499	0.012223627
27.484995	0.010731514
27.505001	0.008835977
27.525007	0.006972428
27.545013	0.006127143
27.565018	0.006193241
27.585024	0.004696727
27.60503	0.003338224
27.625036	0.002770663
27.64504	0.002712196
27.665047	0.002665367
27.685053	0.002520376
27.70506	0.002617489
27.725065	0.002767807
27.74507	0.003260784
27.765076	0.003245493
27.785082	0.003685125
27.805088	0.004068986
27.825092	0.004571359
27.845098	0.005323192
27.865105	0.005954184
27.88511	0.006468718
27.905115	0.007221364
27.925121	0.008726568
27.945127	0.009893266
27.965134	0.010523126
27.985138	0.011685957
28.005144	0.013444472
28.02515	0.015438086
28.045156	0.01611533
28.06516	0.015595287
28.085167	0.018636277
28.105173	0.021833573
28.12518	0.022916753
28.145184	0.022664282
28.16519	0.02433635
28.185196	0.024277257
28.205202	0.026437918
28.225206	0.027843589
28.245213	0.031818192
28.265219	0.03540986
28.285225	0.035285193
28.30523	0.033232436
28.325235	0.032985553
28.345242	0.029543752
28.365248	0.027255546
28.385252	0.02681922
28.405258	0.020355435
28.425264	0.017323498
28.44527	0.014826761
28.465277	0.012340223
28.485281	0.010037079
28.505287	0.00883959
28.525293	0.007973161
28.5453	0.007436957
28.565304	0.006267634
28.58531	0.005088647
28.605316	0.004440026
28.625322	0.004439699
28.645327	0.004539956
28.665333	0.004749425
28.685339	0.004769357
28.705345	0.004761077
28.72535	0.004904884
28.745356	0.004963819
28.765362	0.004958653
28.785368	0.005022197
28.805372	0.004793258
28.825378	0.00496224
28.845385	0.005040496
28.86539	0.004756714
28.885395	0.004278109
28.905401	0.004361372
28.925407	0.005088015
28.945414	0.006262726
28.965418	0.007735038
28.985424	0.008785457
29.00543	0.010470291
29.025436	0.011862424
29.04544	0.013152053
29.065447	0.012340049
29.085453	0.011329324
29.10546	0.010733892
29.125463	0.009397897
29.14547	0.008282539
29.165476	0.007125995
29.185482	0.0065283
29.205488	0.005870574
29.225492	0.005272999
29.245499	0.004793982
29.265505	0.004264546
29.285511	0.003851047
29.305515	0.003875932
29.325521	0.003943731
29.345528	0.003903083
29.365534	0.003466659
29.385538	0.003100835
29.405544	0.00306187
29.42555	0.002877596
29.445557	0.002637221
29.46556	0.002679874
29.485567	0.002673502
29.505573	0.002611695
29.52558	0.002444376
29.545584	0.002423559
29.56559	0.002478349
29.585596	0.002586255
29.605602	0.003032625
29.625607	0.003675115
29.645613	0.003935381
29.665619	0.003715833
29.685625	0.003454085
29.70563	0.003464192
29.725636	0.003231337
29.745642	0.003025738
29.765648	0.002992156
29.785652	0.002809768
29.805658	0.002705723
29.825665	0.002605721
29.84567	0.002817629
29.865675	0.003066212
29.885681	0.003047604
29.905687	0.003393837
29.925694	0.003537806
29.9457	0.003839913
29.965704	0.004610399
29.98571	0.005208693
30.005716	0.005945755
30.025723	0.007101315
30.045727	0.008026416
30.065733	0.009148656
30.08574	0.010481633
30.105745	0.011458136
30.12575	0.011643564
30.145756	0.01155315
30.165762	0.011588085
30.185768	0.011281234
30.205772	0.011014775
30.225779	0.010765734
30.245785	0.010003795
30.26579	0.008562301
30.285795	0.007659585
30.305801	0.005999718
30.325808	0.004624914
30.345814	0.004484478
30.365818	0.00465623
30.385824	0.00468425
30.40583	0.005214195
30.425837	0.004963064
30.44584	0.004365437
30.465847	0.004122145
30.485853	0.003810067
30.50586	0.003555699
30.525864	0.003048966
30.54587	0.002784823
30.565876	0.002864286
30.585882	0.002586703
30.605886	0.002078587
30.625893	0.002090715
30.645899	0.002622266
30.665905	0.002666651
30.685911	0.002352844
30.705915	0.002253922
30.725922	0.002386535
30.745928	0.002389542
30.765934	0.002234197
30.785938	0.002072271
30.805944	0.002155532
30.82595	0.002312034
30.845957	0.002109824
30.865961	0.001993107
30.885967	0.002032986
30.905973	0.002042631
30.92598	0.001981281
30.945984	0.001969586
30.96599	0.002266134
30.985996	0.002692483
31.006002	0.002531131
31.026007	0.002500966
31.046013	0.002653388
31.06602	0.002739261
31.086025	0.00300415
31.10603	0.003937529
31.126036	0.004388448
31.146042	0.004573925
31.166048	0.004740804
31.186052	0.004816317
31.206059	0.005336181
31.226065	0.006011527
31.24607	0.006861283
31.266075	0.008825833
31.286081	0.011088779
31.306087	0.014989222
31.326094	0.017011084
31.346098	0.017101875
31.366104	0.017747225
31.38611	0.019223424
31.406116	0.020326067
31.426123	0.022403592
31.446127	0.022600926
31.466133	0.023224529
31.48614	0.026781432
31.506145	0.031945296
31.52615	0.034463875
31.546156	0.03383227
31.566162	0.03715388
31.586168	0.032715242
31.606173	0.029268468
31.626179	0.02788883
31.646185	0.027822899
31.666191	0.030182643
31.686195	0.029110009
31.706202	0.028543219
31.726208	0.031316012
31.746214	0.032922883
31.766218	0.041715614
31.786224	0.05298624
31.80623	0.060919605
31.826237	0.055387896
31.846241	0.047488272
31.866247	0.03886931
31.886253	0.034845594
31.90626	0.033308376
31.926264	0.02674563
31.94627	0.022615174
31.966276	0.017644683
31.986282	0.015565265
32.006287	0.015378838
32.026295	0.016992046
32.0463	0.016682118
32.066303	0.016094808
32.08631	0.016825505
32.106316	0.018787952
32.126324	0.023840899
32.146328	0.027755331
32.166332	0.031392634
32.18634	0.035433352
32.206345	0.035383422
32.22635	0.03250805
32.246357	0.030821567
32.26636	0.026874991
32.28637	0.022439247
32.306374	0.02070314
32.326378	0.018660678
32.346386	0.015033385
32.36639	0.01206803
32.386395	0.010264101
32.406403	0.008398189
32.426407	0.006532675
32.446415	0.005352172
32.46642	0.00469959
32.486423	0.004293217
32.50643	0.004442264
32.526436	0.004668214
32.54644	0.004873206
32.56645	0.00527959
32.586452	0.00549411
32.60646	0.005438928
32.626465	0.005087983
32.64647	0.004690781
32.666477	0.004701624
32.68648	0.004188725
32.706486	0.003563761
32.726494	0.003447122
32.7465	0.003732532
32.766506	0.003624408
32.78651	0.003564088
32.806515	0.003101551
32.826523	0.002791669
32.846527	0.002640145
32.866535	0.002368127
32.88654	0.002233385
32.906544	0.002303199
32.92655	0.002334268
32.946556	0.002675189
32.96656	0.00292759
32.98657	0.002697842
33.006573	0.002064606
33.02658	0.001720277
33.046585	0.002286513
33.06659	0.002737005
33.086597	0.002968737
33.1066	0.003313901
33.126606	0.003294556
33.146614	0.003245032
33.16662	0.003050074
33.186626	0.003109208
33.20663	0.003364743
33.226635	0.003315773
33.246643	0.003068669
33.266647	0.002804127
33.28665	0.002629854
33.30666	0.002312707
33.326664	0.002257733
33.346672	0.00236587
33.366676	0.002147652
33.38668	0.002072813
33.40669	0.002306168
33.426693	0.00236853
33.446697	0.002293276
33.466705	0.00272636
33.48671	0.003032765
33.506718	0.003317876
33.526722	0.003569203
33.546726	0.00379861
33.566734	0.004186799
33.58674	0.004765592
33.606747	0.004958855
33.62675	0.004466527
33.646755	0.003734343
33.666763	0.003295716
33.686768	0.003615276
33.70677	0.004432661
33.72678	0.005070415
33.746784	0.005790508
33.766792	0.00662258
33.786797	0.007918369
33.8068	0.009166045
33.82681	0.010617137
33.846813	0.01287803
33.866817	0.015063874
33.886826	0.016447935
33.90683	0.017035358
33.926838	0.017541483
33.946842	0.017218161
33.966846	0.015208581
33.986855	0.01400518
34.00686	0.0129459
34.026863	0.012046332
34.04687	0.010946609
34.066875	0.009573182
34.086884	0.009315662
34.106888	0.011004884
34.126892	0.013311634
34.1469	0.015483093
34.166904	0.017579012
34.18691	0.019168388
34.206917	0.020564012
34.22692	0.02117877
34.24693	0.020974297
34.266933	0.020817555
34.286938	0.021628004
34.306946	0.020693947
34.32695	0.018482957
34.34696	0.016443115
34.366962	0.015685113
34.386967	0.015858594
34.406975	0.016044438
34.42698	0.017381912
34.446983	0.018421395
34.46699	0.019063134
34.486996	0.019603921
34.507004	0.019215856
34.527008	0.017610773
34.547012	0.015030164
34.56702	0.013089132
34.587025	0.009879709
34.60703	0.007390728
34.627037	0.006600362
34.64704	0.005434674
34.66705	0.004465441
34.687054	0.00409576
34.707058	0.004026174
34.727066	0.003950507
34.74707	0.00424573
34.767075	0.004581991
34.787083	0.004778284
34.807087	0.005185198
34.827095	0.005377694
34.8471	0.005306061
34.867104	0.005024355
34.88711	0.004483124
34.907116	0.003879298
34.92712	0.003490612
34.94713	0.003667258
34.967133	0.003646424
34.98714	0.00364645
35.007145	0.003274452
35.02715	0.003006156
35.047157	0.003047002
35.06716	0.00302294
35.08717	0.003245621
35.107174	0.003423507
35.12718	0.003690573
35.147186	0.003750503
35.16719	0.003614362
35.187195	0.004081848
35.207203	0.004774918
35.227207	0.005724677
35.247215	0.007029439
35.26722	0.008861726
35.287224	0.00941424
35.30723	0.010602041
35.327236	0.013095722
35.34724	0.016273702
35.36725	0.020056795
35.387253	0.021313116
35.40726	0.019548446
35.427265	0.017388334
35.44727	0.016303167
35.467278	0.013137673
35.48728	0.010670423
35.507286	0.009784346
35.527294	0.008180241
35.5473	0.00666021
35.567307	0.005777619
35.58731	0.004923337
35.607315	0.004285622
35.627323	0.004072903
35.647327	0.004092511
35.66733	0.004552597
35.68734	0.00489183
35.707344	0.004770175
35.727352	0.004629741
35.747356	0.004894603
35.76736	0.005392489
35.78737	0.006494226
35.807373	0.007938731
35.82738	0.009235552
35.847385	0.010688064
35.86739	0.012639992
35.887398	0.013933921
35.907402	0.014860727
35.927406	0.015261863
35.947414	0.014711114
35.96742	0.014064524
35.987427	0.013534809
36.00743	0.012985946
36.027435	0.011772369
36.047443	0.010647927
36.067448	0.009321914
36.087452	0.007746424
36.10746	0.006262471
36.127464	0.005077583
36.147472	0.004024241
36.167477	0.003265347
36.18748	0.003151077
36.20749	0.003304119
36.227493	0.00337188
36.247498	0.003341518
36.267506	0.003087899
36.28751	0.002740789
36.307518	0.002639966
36.327522	0.002828453
36.347527	0.003185975
36.367535	0.003161712
36.38754	0.002675032
36.407543	0.00240969
36.42755	0.002596807
36.447556	0.002999049
36.467564	0.003426734
36.487568	0.003513809
36.507572	0.003624001
36.52758	0.003358435
36.547585	0.002983021
36.567593	0.002825316
36.587597	0.002639599
36.6076	0.002325631
36.62761	0.002365871
36.647614	0.002443102
36.667618	0.002439714
36.687626	0.002646867
36.70763	0.002666922
36.72764	0.002680917
36.747643	0.002848
36.767647	0.003010195
36.787655	0.003119912
36.80766	0.002929286
36.827663	0.002666234
36.84767	0.002754011
36.867676	0.002895963
36.887684	0.002856123
36.90769	0.00274333
36.927692	0.002379829
36.9477	0.002081927
36.967705	0.002137646
36.98771	0.002161933
37.007717	0.002242568
37.02772	0.002365588
37.04773	0.002198423
37.067734	0.002015255
37.087738	0.002030821
37.107746	0.002140059
37.12775	0.002346232
37.147755	0.002333691
37.167763	0.002217759
37.187767	0.002175744
37.207775	0.001870259
37.22778	0.001768534
37.247784	0.002239107
37.26779	0.002333359
37.287796	0.002150357
37.307804	0.001997371
37.32781	0.001868736
37.347813	0.001922909
37.36782	0.002098436
37.387825	0.002231201
37.40783	0.002278093
37.427837	0.002103545
37.44784	0.001948769
37.46785	0.002090676
37.487854	0.00200876
37.50786	0.001767313
37.527866	0.001704933
37.54787	0.001945414
37.567875	0.002216386
37.587883	0.002210319
37.607887	0.001951303
37.627895	0.001599099
37.6479	0.001566128
37.667904	0.001636475
37.687912	0.001992375
37.707916	0.002410538
37.72792	0.002480662
37.74793	0.002496448
37.767933	0.002381387
37.78794	0.002212721
37.807945	0.002167213
37.82795	0.002163517
37.847958	0.002331643
37.86796	0.00262083
37.887966	0.002543074
37.907974	0.002335747
37.92798	0.002246376
37.947987	0.002460376
37.96799	0.002644612
37.987995	0.002445643
38.008003	0.002246198
38.028008	0.002427402
38.048016	0.002727141
38.06802	0.002756579
38.088024	0.002758551
38.108032	0.002727811
38.128036	0.00271044
38.14804	0.002558047
38.16805	0.002363149
38.188053	0.002338647
38.20806	0.002332109
38.228065	0.002360006
38.24807	0.002324723
38.268078	0.002447793
38.288082	0.002412392
38.308086	0.002170221
38.328094	0.002222649
38.3481	0.002565989
38.368107	0.003013249
38.38811	0.00334632
38.408115	0.003755871
38.428123	0.004160057
38.448128	0.004620307
38.468132	0.00538804
38.48814	0.005959404
38.508144	0.0066499
38.528152	0.007693297
38.548157	0.009124556
38.56816	0.01108627
38.58817	0.013572297
38.608173	0.015668197
38.628178	0.017263113
38.648186	0.017807644
38.66819	0.017213885
38.688198	0.018096488
38.708202	0.01708208
38.728207	0.014410696
38.748215	0.011542739
38.76822	0.010653283
38.788227	0.008950681
38.80823	0.007492299
38.828236	0.006530878
38.848244	0.005339997
38.868248	0.004654918
38.888252	0.004886903
38.90826	0.005151047
38.928265	0.005260464
38.948273	0.004812164
38.968277	0.004370768
38.98828	0.004511279
39.00829	0.004683428
39.028294	0.004559872
39.048298	0.004425135
39.068306	0.004141619
39.08831	0.004062122
39.10832	0.003884298
39.128323	0.00343728
39.148327	0.003246645
39.168335	0.003000889
39.18834	0.002620406
39.208344	0.002720633
39.22835	0.002639961
39.248356	0.002254755
39.268364	0.002218213
39.28837	0.002477275
39.308372	0.002590728
39.32838	0.002544806
39.348385	0.002622892
39.36839	0.002783861
39.388397	0.00290596
39.4084	0.002854421
39.42841	0.002936877
39.448414	0.003632733
39.46842	0.004229791
39.488426	0.004515249
39.50843	0.004864985
39.52844	0.00510614
39.548443	0.00473635
39.568447	0.004093752
39.588455	0.004006947
39.60846	0.003893622
39.628464	0.003655037
39.64847	0.003379957
39.668476	0.002990658
39.688484	0.002757956
39.70849	0.002718686
39.728493	0.002601986
39.7485	0.002777394
39.768505	0.003255148
39.78851	0.003536416
39.808517	0.00378591
39.82852	0.004347706
39.84853	0.00484527
39.868534	0.005221853
39.88854	0.006333173
39.908546	0.008186786
39.92855	0.009617385
39.948555	0.010866263
39.968563	0.011911489
39.988567	0.012400148
40.008575	0.012448176
40.02858	0.011819254
40.048584	0.010951692
40.068592	0.010620988
40.088596	0.010291461
40.1086	0.009798398
40.12861	0.009568727
40.148613	0.009086217
40.16862	0.008254073
40.188625	0.00709588
40.20863	0.006176589
40.228638	0.005685656
40.248642	0.004661375
40.26865	0.003652894
40.288654	0.003484947
40.30866	0.003653778
40.328667	0.003553165
40.34867	0.0031551
40.368675	0.002585738
40.388683	0.002401791
40.408688	0.002786117
40.428696	0.003168644
40.4487	0.00336314
40.468704	0.003648706
40.488712	0.003779232
40.508717	0.003907532
40.52872	0.004103514
40.54873	0.004219489
40.568733	0.003852124
40.58874	0.003625761
40.608746	0.004218302
40.62875	0.005006545
40.648758	0.005774762
40.668762	0.006873461
40.688766	0.008588933
40.708775	0.010807673
40.72878	0.012777318
40.748787	0.01492295
40.76879	0.016650101
40.788795	0.017925052
40.808804	0.018890036
40.828808	0.018160278
40.848812	0.01706066
40.86882	0.015740542
40.888824	0.014165438
40.908833	0.012158916
40.928837	0.010309707
40.94884	0.00887304
40.96885	0.00764335
40.988853	0.006585563
41.00886	0.005835793
41.028866	0.005527115
41.04887	0.005663524
41.06888	0.005875946
41.088882	0.005867669
41.108887	0.005692727
41.128895	0.005363599
41.1489	0.005233805
41.168907	0.005992258
41.18891	0.00718925
41.208916	0.008307045
41.228924	0.009772202
41.248928	0.010909366
41.268932	0.011222052
41.28894	0.011531535
41.308945	0.01162764
41.328953	0.010841418
41.348957	0.010939527
41.36896	0.011330536
41.38897	0.011276023
41.408974	0.011428569
41.428978	0.012202144
41.448986	0.012347224
41.46899	0.012290391
41.489	0.012774874
41.509003	0.012591072
41.529007	0.011456979
41.549015	0.009739858
41.56902	0.007882559
41.589024	0.006142181
41.60903	0.004955544
41.629036	0.004394454
41.649044	0.004152882
41.66905	0.004150511
41.689053	0.004100029
41.70906	0.003925078
41.729065	0.003676396
41.749073	0.003307083
41.769077	0.003054263
41.78908	0.002989816
41.80909	0.003041825
41.829094	0.002811178
41.8491	0.002278723
41.869106	0.002460357
41.88911	0.002731482
41.90912	0.002555675
41.929123	0.002563951
41.949127	0.002868665
41.969135	0.003177401
41.98914	0.003406076
42.009144	0.003629478
42.029152	0.003614943
42.049156	0.003641943
42.069164	0.00388242
42.08917	0.003888294
42.109173	0.003473816
42.12918	0.003004633
42.149185	0.002681063
42.16919	0.00243702
42.189198	0.00250714
42.2092	0.002690874
42.22921	0.002871456
42.249214	0.003217544
42.26922	0.003455893
42.289227	0.003566488
42.30923	0.003885425
42.329235	0.00482261
42.349243	0.005239937
42.369247	0.005742807
42.389256	0.007501131
42.40926	0.009432327
42.429264	0.01151149
42.449272	0.013843607
42.469276	0.016337002
42.489285	0.0175689
42.50929	0.017642196
42.529293	0.019228915
42.5493	0.018486107
42.569305	0.017644815
42.58931	0.016001357
42.609318	0.014287208
42.629322	0.012742026
42.64933	0.011440419
42.669334	0.010421
42.68934	0.009079126
42.709347	0.007893105
42.72935	0.006655623
42.749355	0.005415672
42.769363	0.004483974
42.789368	0.004154997
42.809376	0.004246222
42.82938	0.003999585
42.849384	0.00357694
42.869392	0.00311058
42.889397	0.002910759
42.9094	0.002917588
42.92941	0.002974737
42.949413	0.002951344
42.96942	0.002681763
42.989426	0.00261266
43.00943	0.002658452
43.029438	0.002446414
43.049442	0.00204953
43.069447	0.001725945
43.089455	0.002151229
43.10946	0.002630808
43.129467	0.002677314
43.14947	0.002708198
43.169476	0.002881285
43.189484	0.003042573
43.209488	0.002965189
43.229496	0.002864801
43.2495	0.002891355
43.269505	0.002829377
43.289513	0.002576058
43.309517	0.002174674
43.32952	0.001847746
43.34953	0.002029769
43.369534	0.002388214
43.38954	0.002379292
43.409546	0.002117847
43.42955	0.002026941
43.44956	0.00196615
43.469563	0.002055209
43.489567	0.00218449
43.509575	0.002260126
43.52958	0.002591097
43.549587	0.00273646
43.56959	0.002825862
43.589596	0.003027727
43.609604	0.003021586
43.62961	0.002771625
43.649612	0.002404501
43.66962	0.001958856
43.689625	0.00186519
43.709633	0.002023668
43.729637	0.001943261
43.74964	0.001920197
43.76965	0.002098294
43.789654	0.002393597
43.809658	0.002567369
43.829666	0.002705633
43.84967	0.002848653
43.86968	0.003139366
43.889683	0.003770792
43.909687	0.004394846
43.929695	0.004912975
43.9497	0.005224762
43.969707	0.005345961
43.98971	0.005100702
44.009716	0.004590244
44.029724	0.004095042
44.04973	0.00382911
44.069733	0.003757436
44.08974	0.003705221
44.109745	0.003720375
44.129753	0.003869335
44.149757	0.00390424
44.16976	0.003780168
44.18977	0.003682558
44.209774	0.003602319
44.22978	0.003440105
44.249786	0.002996381
44.26979	0.002476916
44.2898	0.002432192
44.309803	0.002387105
44.329807	0.002242672
44.349815	0.002177127
44.36982	0.002259846
44.389824	0.002534511
44.409832	0.002653762
44.429836	0.00263238
44.449844	0.002673849
44.46985	0.002899915
44.489853	0.003006525
44.50986	0.002858945
44.529865	0.00265565
44.54987	0.002369855
44.569878	0.002180305
44.58988	0.002195901
44.60989	0.002197884
44.629894	0.00226565
44.6499	0.002431177
44.669907	0.002513764
44.68991	0.002572486
44.70992	0.002643923
44.729923	0.002974664
44.749928	0.003653655
44.769936	0.004332998
44.78994	0.005046148
44.809944	0.005927714
44.829952	0.007240007
44.849957	0.008657917
44.869965	0.009923727
44.88997	0.01084873
44.909973	0.011255403
44.92998	0.01131312
44.949986	0.011065536
44.96999	0.010787481
44.989998	0.010415535
45.010002	0.009831853
45.03001	0.009043827
45.050014	0.008509077
45.07002	0.007849302
45.090027	0.007372597
45.11003	0.007226024
45.130035	0.006741639
45.150043	0.005874377
45.170048	0.005354526
45.190056	0.005189267
45.21006	0.005552416
45.230064	0.006308281
45.250072	0.006756202
45.270077	0.007134141
45.29008	0.007541163
45.31009	0.007955737
45.330093	0.009116165
45.3501	0.010637701
45.370106	0.011389381
45.39011	0.012847836
45.41012	0.014679955
45.430122	0.01606959
45.45013	0.01611016
45.470135	0.017802548
45.49014	0.020363169
45.510147	0.020923464
45.53015	0.021089688
45.550156	0.020975478
45.570164	0.019815529
45.590168	0.018621739
45.610176	0.018850863
45.63018	0.016553996
45.650185	0.01481602
45.670193	0.013745481
45.690197	0.011568013
45.7102	0.009878092
45.73021	0.008970954
45.750214	0.00850847
45.77022	0.007681598
45.790226	0.006840055
45.81023	0.006266246
45.83024	0.005934386
45.850243	0.005315839
45.870247	0.00473831
45.890255	0.004906752
45.91026	0.004821068
45.930267	0.004471635
45.95027	0.004260747
45.970276	0.004155173
45.990284	0.004038165
46.01029	0.003762766
46.030293	0.003370713
46.0503	0.002869161
46.070305	0.002524159
46.090313	0.002469524
46.110317	0.002644585
46.13032	0.002868617
46.15033	0.003006689
46.170334	0.003006921
46.190342	0.002848296
46.210346	0.002636683
46.23035	0.002722544
46.25036	0.00314294
46.270363	0.00334358
46.290367	0.003535315
46.310375	0.003744808
46.33038	0.003800818
46.350388	0.003752182
46.37039	0.003639499
46.390396	0.003476784
46.410404	0.003117201
46.43041	0.002863059
46.450413	0.002712948
46.47042	0.002729737
46.490425	0.002866586
46.510433	0.002785325
46.530437	0.002681498
46.55044	0.002526824
46.57045	0.002246676
46.590454	0.002317143
46.61046	0.002548171
46.630466	0.002637887
46.65047	0.002856099
46.67048	0.002971951
46.690483	0.0031539
46.710487	0.003415358
46.730495	0.003439674
46.7505	0.003088461
46.770504	0.002537326
46.790512	0.002351369
46.810516	0.002436253
46.830524	0.002531538
46.85053	0.002447494
46.870533	0.002037311
46.89054	0.001834465
46.910545	0.002245789
46.930553	0.002468265
46.950558	0.002608627
46.970562	0.002651169
46.99057	0.002639229
47.010574	0.00274103
47.03058	0.002619627
47.050587	0.002150192
47.07059	0.001977225
47.0906	0.002181395
47.110603	0.002180102
47.130608	0.002057082
47.150616	0.002140645
47.17062	0.002307329
47.190624	0.002391704
47.210632	0.002426277
47.230637	0.002410764
47.250645	0.00230704
47.27065	0.00200826
47.290653	0.001575648
47.31066	0.00170249
47.330666	0.002257878
47.35067	0.00253828
47.370678	0.002713501
47.390682	0.002758381
47.41069	0.002978428
47.430695	0.0032243
47.4507	0.003288187
47.470707	0.003277259
47.49071	0.003376158
47.510715	0.003504334
47.530724	0.003424663
47.550728	0.003512408
47.570736	0.00385488
47.59074	0.004124902
47.610744	0.004372427
47.630753	0.004309464
47.650757	0.004048895
47.670765	0.003660663
47.69077	0.003284694
47.710773	0.003126954
47.73078	0.00300202
47.750786	0.002782638
47.77079	0.002536378
47.7908	0.002503946
47.810802	0.00259482
47.83081	0.002539029
47.850815	0.002444073
47.87082	0.002410815
47.890827	0.002480118
47.91083	0.002677245
47.930836	0.002869663
47.950844	0.003030436
47.970848	0.003056264
47.990856	0.002864735
48.01086	0.00276956
48.030865	0.003015319
48.050873	0.003163507
48.070877	0.003127306
48.09088	0.002887622
48.11089	0.002714611
48.130894	0.002705861
48.1509	0.003110541
48.170906	0.00350289
48.19091	0.003631629
48.21092	0.003932369
48.230923	0.00414023
48.250927	0.003976204
48.270935	0.003481835
48.29094	0.003107345
48.310947	0.003009538
48.33095	0.002692527
48.350956	0.002458105
48.370964	0.002305829
48.39097	0.002118719
48.410976	0.002202512
48.43098	0.002294881
48.450985	0.002324365
48.470993	0.002514076
48.490997	0.002627583
48.511	0.002679134
48.53101	0.00279669
48.551014	0.002801594
48.571022	0.002642385
48.591026	0.002661015
48.61103	0.002965896
48.63104	0.003265802
48.651043	0.003500443
48.671047	0.003404511
48.691055	0.003329048
48.71106	0.003410801
48.731068	0.003552098
48.751072	0.003941565
48.771076	0.004546664
48.791084	0.005290833
48.81109	0.00645717
48.831093	0.00780306
48.8511	0.008562655
48.871105	0.008840824
48.891113	0.009283721
48.911118	0.009346768
48.93112	0.008971983
48.95113	0.008558591
48.971134	0.008702247
48.99114	0.008644726
49.011147	0.008000852
49.03115	0.00779909
49.05116	0.007356536
49.071163	0.007191967
49.091167	0.007100463
49.111176	0.006800604
49.13118	0.006320433
49.151188	0.005751831
49.171192	0.005587374
49.191196	0.005154712
49.211205	0.004705863
49.23121	0.004553627
49.251213	0.005610464
49.27122	0.00748803
49.291225	0.009590638
49.311234	0.011361184
49.331238	0.010673838
49.351242	0.009342996
49.37125	0.009753017
49.391254	0.011435659
49.41126	0.012655131
49.431267	0.012942354
49.45127	0.012895699
49.47128	0.011669872
49.491283	0.010667711
49.511288	0.01018716
49.531296	0.009007454
49.5513	0.007617524
49.571304	0.006487364
49.591312	0.005947415
49.611317	0.005550078
49.631325	0.005035605
49.65133	0.004677193
49.671333	0.004363957
49.69134	0.004131557
49.711346	0.003958977
49.73135	0.003920336
49.751358	0.004209322
49.771362	0.004294289
49.79137	0.004186878
49.811375	0.003919566
49.83138	0.003773646
49.851387	0.003505996
49.87139	0.003388102
49.8914	0.003409484
49.911404	0.003701126
49.931408	0.004165684
49.951416	0.004099869
49.97142	0.004561544
49.991425	0.004912497
50.011433	0.004919556
50.031437	0.004754235
50.051445	0.004422178
50.07145	0.005291271
50.091454	0.00625485
50.11146	0.006157299
50.131466	0.006862157
50.15147	0.007353696
50.17148	0.007283273
50.191483	0.007718124
50.21149	0.007798195
50.231495	0.00824325
50.2515	0.008183895
50.271507	0.008833823
50.29151	0.010305476
50.311516	0.009344554
50.331524	0.007511071
50.35153	0.006774182
50.371536	0.006388301
50.39154	0.005935093
50.411545	0.005888403
50.431553	0.005729429
50.451557	0.005329276
50.47156	0.004767443
50.49157	0.00449576
50.511574	0.004865495
50.53158	0.005690997
50.551586	0.006301146
50.57159	0.007197475
50.5916	0.007375835
50.611603	0.007382222
50.63161	0.008048319
50.651615	0.008318223
50.67162	0.008089369
50.691628	0.007790953
50.71163	0.007943568
50.731636	0.007945013
50.751644	0.007453244
50.77165	0.00737725
50.791656	0.007164291
50.81166	0.006830121
50.831665	0.006215019
50.851673	0.005808782
50.871677	0.005981655
50.89168	0.005923147
50.91169	0.005677392
50.931694	0.005281823
50.951702	0.004584924
50.971706	0.004036134
50.99171	0.003744012
51.01172	0.003980117
51.031723	0.004359085
51.051727	0.00445678
51.071735	0.004122658
51.09174	0.003625249
51.111748	0.003431086
51.131752	0.003939931
51.151756	0.005055081
51.171764	0.005897839
51.19177	0.006461072
51.211773	0.007095378
51.23178	0.007517937
51.251785	0.00795034
51.271793	0.008280703
51.291798	0.008062487
51.311802	0.007691477
51.33181	0.007292908
51.351814	0.007027991
51.371822	0.006830273
51.391827	0.006955673
51.41183	0.006757976
51.43184	0.006118889
51.451843	0.005496869
51.471848	0.005003879
51.491856	0.004378566
51.51186	0.003755047
51.531868	0.003467933
51.551872	0.003288708
51.571877	0.003254678
51.591885	0.003397242
51.61189	0.00334998
51.631893	0.003132466
51.6519	0.002958295
51.671906	0.002709665
51.691914	0.002516752
51.711918	0.002811323
51.731922	0.002969289
51.75193	0.002892812
51.771935	0.002739236
51.79194	0.00257617
51.811947	0.002557668
51.83195	0.002651835
51.85196	0.002654413
51.871964	0.002605764
51.891968	0.002534042
51.911976	0.00245232
51.93198	0.00240162
51.951984	0.00250291
51.971992	0.002588369
51.991997	0.00258131
52.012005	0.002581585
52.03201	0.002473249
52.052013	0.002368413
52.07202	0.002402844
52.092026	0.002421907
52.112034	0.0024362
52.13204	0.002328666
52.152042	0.002125389
52.17205	0.001990389
52.192055	0.002006126
52.21206	0.001951129
52.232067	0.001728532
52.25207	0.001734999
52.27208	0.002127878
52.292084	0.002331454
52.312088	0.002515632
52.332096	0.002570401
52.3521	0.002381773
52.372105	0.002469218
52.392113	0.002563557
52.412117	0.002510241
52.432125	0.002474725
52.45213	0.002575689
52.472134	0.002705623
52.49214	0.002896983
52.512146	0.003076686
52.53215	0.003196068
52.55216	0.003277367
52.572163	0.003205678
52.59217	0.003070653
52.612175	0.002984136
52.63218	0.003019192
52.652187	0.002993122
52.67219	0.002960386
52.692196	0.002976015
52.712204	0.003066808
52.73221	0.003090738
52.752216	0.00292358
52.77222	0.002979007
52.792225	0.003099288
52.812233	0.003163233
52.832237	0.003479102
52.852245	0.003555207
52.87225	0.003372572
52.892254	0.003004428
52.912262	0.002860216
52.932266	0.002793467
52.95227	0.002688267
52.97228	0.002539814
52.992283	0.002382912
53.01229	0.002193856
53.032295	0.002195187
53.0523	0.002234765
53.072308	0.00216739
53.09231	0.002034881
53.112316	0.001951638
53.132324	0.001875918
53.15233	0.001980107
53.172337	0.002041766
53.19234	0.002077841
53.212345	0.002016468
53.232353	0.001720455
53.252357	0.001804926
53.27236	0.002107551
53.29237	0.002165066
53.312374	0.002178038
53.332382	0.002132176
53.352386	0.001947335
53.37239	0.001997001
53.3924	0.002155169
53.412403	0.002221444
53.432407	0.002304511
53.452415	0.002267851
53.47242	0.002089272
53.492428	0.001886141
53.512432	0.001831391
53.532436	0.001786923
53.552444	0.001789822
53.57245	0.001894113
53.592457	0.001982584
53.61246	0.00208991
53.632465	0.0021766
53.652473	0.002306932
53.672478	0.002506631
53.692482	0.002720547
53.71249	0.002750278
53.732494	0.002703873
53.752502	0.002751084
53.772507	0.002918968
53.79251	0.003288706
53.81252	0.003731432
53.832523	0.004169255
53.852528	0.004703095
53.872536	0.005008923
53.89254	0.005156518
53.912548	0.005286342
53.932552	0.005616699
53.952557	0.005944763
53.972565	0.006410565
53.99257	0.007056898
54.012573	0.007699384
54.03258	0.007700941
54.052586	0.008120691
54.072594	0.009514585
54.092598	0.011380647
54.112602	0.013045438
54.13261	0.014111798
54.152615	0.014592362
54.17262	0.015041699
54.192627	0.01486297
54.21263	0.013937694
54.23264	0.012325276
54.252644	0.010573953
54.272648	0.009059146
54.292656	0.00828212
54.31266	0.007665609
54.33267	0.007395937
54.352673	0.00701916
54.372677	0.006229607
54.392685	0.005446459
54.41269	0.005054459
54.432693	0.004821121
54.4527	0.004504833
54.472706	0.004153555
54.492714	0.003743521
54.51272	0.003600296
54.532722	0.003997569
54.55273	0.004208708
54.572735	0.004144032
54.59274	0.004356278
54.612747	0.004844556
54.63275	0.005033039
54.65276	0.005565623
54.672764	0.00627366
54.69277	0.006952264
54.712776	0.007284021
54.73278	0.006943243
54.752785	0.005952002
54.772793	0.005034205
54.792797	0.004642549
54.812805	0.004554668
54.83281	0.004428412
54.852814	0.00431098
54.87282	0.00433661
54.892826	0.00428335
54.91283	0.004064657
54.93284	0.003840515
54.952843	0.003530968
54.97285	0.003177465
54.992855	0.002934174
55.01286	0.002765754
55.032867	0.002645165
55.05287	0.002567696
55.07288	0.002536093
55.092884	0.002570951
55.11289	0.002702971
55.132896	0.002904425
55.1529	0.003118427
55.172905	0.003684163
55.192913	0.003833184
55.212917	0.003501013
55.232925	0.003584592
55.25293	0.004670626
55.272934	0.005467405
55.292942	0.00612238
55.312946	0.0067683
55.33295	0.007476922
55.35296	0.00833151
55.372963	0.008800266
55.39297	0.009019055
55.412975	0.009871273
55.43298	0.0106437
55.452988	0.010269782
55.472992	0.010160718
55.492996	0.01096903
55.513004	0.010634389
55.53301	0.010200621
55.553017	0.009798661
55.57302	0.009397827
55.593025	0.009437357
55.613033	0.009244341
55.633038	0.009084061
55.65304	0.009314732
55.67305	0.009261454
55.693054	0.008612401
55.713062	0.007807592
55.733067	0.006785421
55.75307	0.005959585
55.77308	0.005795065
55.793083	0.006130918
55.81309	0.006403552
55.833096	0.006496666
55.8531	0.006217448
55.873108	0.005901996
55.893112	0.006283203
55.913116	0.007239401
55.933125	0.007888661
55.95313	0.008241475
55.973137	0.008518177
55.99314	0.008162987
56.013145	0.007548998
56.033154	0.007207421
56.053158	0.007242782
56.073162	0.007247008
56.09317	0.006621241
56.113174	0.006087817
56.133183	0.005723851
56.153187	0.005243244
56.17319	0.004543888
56.1932	0.003838432
56.213203	0.003331116
56.233208	0.003040434
56.253216	0.003032791
56.27322	0.002999436
56.29323	0.003192075
56.313232	0.003612513
56.333237	0.004057655
56.353245	0.004050921
56.37325	0.003915242
56.393253	0.004613372
56.41326	0.005818341
56.433266	0.006985806
56.453274	0.008155567
56.473278	0.008803272
56.493282	0.009464314
56.51329	0.009536184
56.533295	0.009169374
56.553303	0.008925066
56.573307	0.008806913
56.59331	0.008397536
56.61332	0.007900197
56.633324	0.007720815
56.653328	0.007619104
56.673336	0.007633789
56.69334	0.00707825
56.71335	0.006354353
56.733353	0.005799211
56.753357	0.00522743
56.773365	0.004406783
56.79337	0.003649778
56.813374	0.003251941
56.83338	0.003214081
56.853386	0.003187623
56.873394	0.003236431
56.8934	0.003237197
56.913403	0.003165438
56.93341	0.002836784
56.953415	0.002531804
56.97342	0.002733108
56.993427	0.003136519
57.01343	0.003273713
57.03344	0.003449107
57.053444	0.003869069
57.07345	0.004048127
57.093456	0.004382749
57.11346	0.004961069
57.133465	0.005636062
57.153473	0.006834611
57.173477	0.007765931
57.193485	0.008722277
57.21349	0.009622828
57.233494	0.010234505
57.2535	0.010599399
57.273506	0.010217117
57.293514	0.009743286
57.31352	0.009480706
57.333523	0.008701885
57.35353	0.007881692
57.373535	0.007417372
57.39354	0.007324534
57.413548	0.00721445
57.43355	0.006925898
57.45356	0.006270302
57.473564	0.005318011
57.49357	0.004408816
57.513577	0.003903867
57.53358	0.003616713
57.553585	0.003449464
57.573593	0.003579676
57.593597	0.003686414
57.613605	0.003653325
57.63361	0.003398269
57.653614	0.003074101
57.673622	0.002883237
57.693626	0.002806652
57.71363	0.002714168
57.73364	0.002748766
57.753643	0.003083473
57.77365	0.003248395
57.793655	0.003207918
57.81366	0.003503768
57.833668	0.004001555
57.853672	0.004565257
57.873676	0.005261648
57.893684	0.00604956
57.91369	0.006757062
57.933697	0.007304702
57.9537	0.007577853
57.973705	0.007502862
57.993713	0.007253564
58.013718	0.006713838
58.033726	0.005943863
58.05373	0.005191928
58.073734	0.004647459
58.093742	0.00426895
58.113747	0.004159566
58.13375	0.004215706
58.15376	0.004299082
58.173763	0.004074308
58.19377	0.0037325
58.213776	0.003965511
58.23378	0.004181901
58.253788	0.004218715
58.273792	0.004316185
58.293797	0.004496606
58.313805	0.004986227
58.33381	0.005290735
58.353817	0.005702039
58.37382	0.006002284
58.393826	0.005901115
58.413834	0.005318953
58.433838	0.004636977
58.453842	0.004430103
58.47385	0.004594254
58.493855	0.004562485
58.513863	0.004234079
58.533867	0.003837926
58.55387	0.003365467
58.57388	0.002924769
58.593884	0.002708818
58.613888	0.002742616
58.633896	0.002712697
58.6539	0.002546954
58.67391	0.002264392
58.693913	0.002490228
58.713917	0.002646054
58.733925	0.002591123
58.75393	0.002672463
58.773937	0.002863741
58.79394	0.002897603
58.813946	0.002748322
58.833954	0.002550026
58.85396	0.002543068
58.873962	0.002634313
58.89397	0.002524609
58.913975	0.002801898
58.933983	0.00305112
58.953987	0.003268248
58.97399	0.003425614
58.994	0.003281819
59.014004	0.003295229
59.034008	0.003515544
59.054016	0.003448165
59.07402	0.003532566
59.09403	0.003958953
59.114033	0.004063922
59.134037	0.003922674
59.154045	0.003600941
59.17405	0.003371463
59.194054	0.003212314
59.21406	0.00283909
59.234066	0.00283598
59.254074	0.002965376
59.27408	0.002990567
59.294083	0.002970132
59.31409	0.002785633
59.334095	0.002362579
59.3541	0.002245684
59.374107	0.002550437
59.39411	0.003063285
59.41412	0.003314005
59.434124	0.00360853
59.45413	0.004007149
59.474136	0.004292855
59.49414	0.004444549
59.51415	0.004409491
59.534153	0.004392519
59.554157	0.004455063
59.574165	0.004870718
59.59417	0.005132873
59.614174	0.005270231
59.634182	0.00602425
59.654186	0.006955918
59.674194	0.007820975
59.6942	0.008553559
59.714203	0.009509504
59.73421	0.010667885
59.754215	0.010990753
59.77422	0.011368556
59.794228	0.011092873
59.81423	0.010616008
59.83424	0.009768706
59.854244	0.009968547
59.87425	0.010732099
59.894257	0.010418707
59.91426	0.009368249
59.934265	0.009251552
59.954273	0.009520027
59.974277	0.00909773
59.994286	0.008514188
60.01429	0.0079219
60.034294	0.008075895
60.054302	0.008800377
60.074306	0.008997477
60.09431	0.009191643
60.11432	0.009202931
60.134323	0.008549411
60.15433	0.007769606
60.174335	0.006993178
60.19434	0.006306282
60.214348	0.005771559
60.234352	0.005124939
60.25436	0.004644788
60.274364	0.004009939
60.29437	0.003779823
60.314377	0.004014626
60.33438	0.004224137
60.354385	0.004003684
60.374393	0.003708292
60.394398	0.003537247
60.414406	0.003485167
60.43441	0.003242444
60.454414	0.002977361
60.474422	0.002896906
60.494427	0.002818412
60.51443	0.002732082
60.53444	0.002836115
60.554443	0.002873519
60.57445	0.002736705
60.594456	0.002656453
60.61446	0.002734402
60.634468	0.002596056
60.654472	0.002510939
60.674477	0.002803181
60.694485	0.003015048
60.71449	0.003089539
60.734497	0.003054841
60.7545	0.00281788
60.774506	0.002397737
60.794514	0.00227008
60.814518	0.002415182
60.834522	0.002383012
60.85453	0.002207499
60.874535	0.001980788
60.894543	0.001722552
60.914547	0.001939312
60.93455	0.002122508
60.95456	0.002183197
60.974564	0.002655001
60.99457	0.002865404
61.014576	0.002991539
61.03458	0.002924327
61.05459	0.002697386
61.074593	0.00272997
61.094597	0.002594113
61.114605	0.002482665
61.13461	0.002438593
61.154617	0.002442542
61.17462	0.002693102
61.194626	0.002955854
61.214634	0.003252725
61.23464	0.003397317
61.254642	0.003521858
61.27465	0.00383194
61.294655	0.00404656
61.314663	0.004635269
61.334667	0.005285569
61.35467	0.005809286
61.37468	0.006525928
61.394684	0.00732142
61.41469	0.008061353
61.434696	0.008607897
61.4547	0.008477923
61.47471	0.007887838
61.494713	0.007083368
61.514717	0.006354104
61.534725	0.005927625
61.55473	0.005843815
61.574734	0.006285375
61.59474	0.006420808
61.614746	0.006545067
61.634754	0.006733423
61.65476	0.006547022
61.674763	0.006136642
61.69477	0.005555339
61.714775	0.005314651
61.734783	0.005346487
61.754787	0.005088611
61.77479	0.004501902
61.7948	0.00394366
61.814804	0.003903931
61.83481	0.004121815
61.854816	0.004318777
61.87482	0.004544973
61.89483	0.004695807
61.914833	0.005001413
61.934837	0.005299484
61.954845	0.00533325
61.97485	0.005561377
61.994854	0.005865889
62.014862	0.006176265
62.034866	0.006670788
62.054874	0.007171656
62.07488	0.007474641
62.094883	0.007251104
62.11489	0.006908361
62.134895	0.006574259
62.1549	0.005964866
62.174908	0.00570843
62.194912	0.005725115
62.21492	0.005185005
62.234924	0.004899215
62.25493	0.005098429
62.274937	0.004828254
62.29494	0.004540427
62.314945	0.004109384
62.334953	0.003572489
62.354958	0.003074601
62.374966	0.002700698
62.39497	0.002946047
62.414974	0.003415035
62.434982	0.003494702
62.454987	0.003286872
62.474995	0.002863379
62.495	0.00269761
62.515003	0.002935021
62.53501	0.00301679
62.555016	0.002987767
62.57502	0.003169738
62.595028	0.003339087
62.615032	0.003270928
62.63504	0.002947075
62.655045	0.002615712
62.67505	0.00284924
62.695057	0.003179436
62.71506	0.003389641
62.735065	0.00385939
62.755074	0.004090451
62.775078	0.004601623
62.795086	0.005672342
62.81509	0.007080645
62.835094	0.008660439
62.855103	0.010290549
62.875107	0.011624493
62.89511	0.011792294
62.91512	0.011642763
62.935123	0.011669486
62.95513	0.010948166
62.975136	0.009793734
62.99514	0.008921694
63.01515	0.008495482
63.035152	0.00816518
63.05516	0.007767417
63.075165	0.007036881
63.09517	0.006075939
63.115177	0.005245284
63.13518	0.004528377
63.155186	0.004438398
63.175194	0.004195711
63.195198	0.004145478
63.215206	0.004158727
63.23521	0.004045659
63.255215	0.003987151
63.275223	0.003766284
63.295227	0.003595581
63.31523	0.003757146
63.33524	0.003934383
63.355244	0.003744935
63.37525	0.003334621
63.395256	0.002901115
63.41526	0.002842048
63.43527	0.002818262
63.455273	0.002739857
63.475277	0.002910148
63.495285	0.002891813
63.51529	0.002671861
63.535297	0.00249965
63.5553	0.002305482
63.575306	0.002063659
63.595314	0.002133115
63.61532	0.002108652
63.635323	0.001831649
63.65533	0.00191385
63.675335	0.002170964
63.695343	0.002221543
63.715347	0.00214091
63.73535	0.002051123
63.75536	0.001919552
63.775364	0.002051285
63.795372	0.002316901
63.815376	0.002544187
63.83538	0.002657168
63.85539	0.003089723
63.875393	0.003402876
63.895397	0.003692433
63.915405	0.003834334
63.93541	0.003676674
63.955418	0.003275534
63.97542	0.002690495
63.995426	0.002711213
64.015434	0.003129726
64.03544	0.00343302
64.05544	0.003636312
64.07545	0.003873459
64.09546	0.004120952
64.11546	0.0042707
64.13547	0.004513548
64.15547	0.004664533
64.175476	0.004265175
64.19549	0.003974051
64.21549	0.004012915
64.2355	0.004222828
64.2555	0.004709718
64.275505	0.005390334
64.29551	0.005879987
64.31552	0.006291964
64.335526	0.006557065
64.35553	0.006346186
64.375534	0.005549321
64.39554	0.004729463
64.41555	0.004313428
64.435555	0.004120871
64.45556	0.003989281
64.47556	0.003854628
64.49557	0.003691
64.51558	0.003643132
64.53558	0.00386429
64.55559	0.003897758
64.57559	0.003651508
64.5956	0.003115445
64.61561	0.002696978
64.63561	0.002589419
64.65562	0.002662921
64.67562	0.002626229
64.695625	0.002657652
64.71563	0.002687187
64.73564	0.00271831
64.755646	0.002529633
64.77565	0.002378763
64.795654	0.002742118
64.81566	0.002845322
64.83567	0.002744982
64.855675	0.002637197
64.87568	0.002556419
64.89568	0.002632577
64.91569	0.002611381
64.9357	0.002724491
64.9557	0.003008099
64.97571	0.003196472
64.99571	0.003256894
65.01572	0.003374309
65.03572	0.00360807
65.05573	0.003707642
65.07574	0.003671971
65.09574	0.003343938
65.115746	0.002838516
65.13575	0.002367738
65.15576	0.002366811
65.175766	0.002830956
65.19577	0.003254991
65.215775	0.003564269
65.23578	0.003541902
65.25579	0.003482561
65.275795	0.003474413
65.2958	0.003503411
65.3158	0.003728325
65.33581	0.003596361
65.35582	0.003508331
65.375824	0.003774948
65.39583	0.004222377
65.41583	0.004538379
65.43584	0.004796249
65.45584	0.004738476
65.47585	0.00465847
65.49586	0.004655878
65.51586	0.004389047
65.535866	0.003977381
65.55587	0.003730259
65.57588	0.003776014
65.59589	0.003823851
65.61589	0.003881743
65.635895	0.004181754
65.6559	0.004381768
65.67591	0.004753607
65.695915	0.004857527
65.71592	0.004929754
65.73592	0.005692713
65.75593	0.006851534
65.77593	0.007170777
65.795944	0.007265837
65.81595	0.006873432
65.83595	0.006318107
65.85596	0.005814475
65.87596	0.005239474
65.89597	0.004877773
65.91598	0.00456021
65.93598	0.004484211
65.955986	0.004539383
65.97599	0.004448752
65.996	0.004560319
66.01601	0.004643852
66.03601	0.004842504
66.056015	0.004830422
66.07602	0.004444136
66.09603	0.003995156
66.116035	0.00346716
66.13604	0.003553034
66.156044	0.003750742
66.17605	0.004363639
66.19605	0.004807239
66.216064	0.005218007
66.23607	0.005648147
66.25607	0.006039492
66.27608	0.005952919
66.29608	0.006374709
66.31609	0.007059349
66.3361	0.007248522
66.3561	0.006952857
66.37611	0.00655047
66.39611	0.006952188
66.41612	0.007006807
66.43613	0.006317419
66.45613	0.005766761
66.476135	0.005627249
66.49614	0.005426239
66.51614	0.004346522
66.536156	0.004161883
66.55616	0.004474762
66.576164	0.004181427
66.59617	0.003764637
66.61617	0.003561325
66.636185	0.00342298
66.65619	0.003244648
66.67619	0.003293766
66.6962	0.003308186
66.7162	0.003363905
66.73621	0.003271766
66.75622	0.002870224
66.77622	0.002297549
66.79623	0.001828051
66.81623	0.00213955
66.83624	0.002577908
66.85625	0.002791151
66.87625	0.002819874
66.896255	0.00284274
66.91626	0.002653725
66.936264	0.002197883
66.956276	0.001749312
66.97628	0.002146233
66.996284	0.00220067
67.01629	0.002036344
67.03629	0.001710758
67.056305	0.001473196
67.07631	0.001913508
67.09631	0.001981757
67.11632	0.002021663
67.13632	0.002191684
67.156334	0.001920388
67.17634	0.001910716
67.19634	0.002279903
67.21635	0.002372468
67.23635	0.002223967
67.256355	0.002407668
67.27637	0.002641034
67.29637	0.002806374
67.316376	0.002746246
67.33638	0.002710969
67.356384	0.002740579
67.376396	0.002449654
67.3964	0.002083369
67.416405	0.0020248
67.43641	0.002331289
67.45641	0.002878815
67.476425	0.002855349
67.49643	0.00263912
67.51643	0.002783196
67.53644	0.003088466
67.55644	0.003316317
67.576454	0.003231071
67.59646	0.002960844
67.61646	0.003192662
67.63647	0.003327894
67.65647	0.00323876
67.676476	0.003062977
67.69649	0.003086884
67.71649	0.003152985
67.736496	0.003071671
67.7565	0.003078244
67.776505	0.003265821
67.79652	0.003237191
67.81652	0.003054859
67.836525	0.002781439
67.85653	0.002899674
67.87653	0.002961161
67.896545	0.003082336
67.91655	0.002960868
67.936554	0.002292061
67.95656	0.002302196
67.97656	0.002711761
67.99657	0.002676054
68.01658	0.00264765
68.03658	0.002610199
68.05659	0.002490317
68.07659	0.002080553
68.096596	0.002181925
68.11661	0.002281646
68.13661	0.002374122
68.15662	0.002470095
68.17662	0.002722405
68.196625	0.002681031
68.21664	0.002619674
68.23664	0.002633581
68.256645	0.002867479
68.27665	0.003022775
68.29665	0.002876181
68.316666	0.002748348
68.33667	0.00272562
68.356674	0.002685961
68.37668	0.002930823
68.39668	0.002700275
68.41669	0.002593962
68.4367	0.002983843
68.4567	0.002987724
68.47671	0.002677099
68.49671	0.002696478
68.516716	0.002541791
68.53673	0.002195562
68.55673	0.001610085
68.57674	0.001257534
68.59674	0.001692785
68.616745	0.001784263
68.63676	0.00175636
68.65676	0.002115309
68.676765	0.002280838
68.69677	0.002378635
68.716774	0.002386205
68.73678	0.002049619
68.75679	0.002098473
68.776794	0.002497006
68.7968	0.002343561
68.8168	0.002206032
68.83681	0.002653988
68.85682	0.002973732
68.87682	0.00328692
68.89683	0.003463023
68.91683	0.003859509
68.93684	0.004117856
68.95685	0.004213828
68.97685	0.0039549
68.99686	0.003632502
69.01686	0.003932083
69.036865	0.003847311
69.05688	0.003727618
69.07688	0.00380465
69.096886	0.003495175
69.11689	0.00325568
69.136894	0.003385524
69.1569	0.003288499
69.17691	0.00320928
69.196915	0.00315769
69.21692	0.003033459
69.23692	0.002836045
69.25693	0.00293106
69.27694	0.003102838
69.29694	0.003057979
69.31695	0.002941829
69.33695	0.00282807
69.35696	0.002820606
69.37697	0.002638036
69.39697	0.002598575
69.41698	0.00274201
69.43698	0.002354609
69.456985	0.002331767
69.47699	0.002463166
69.497	0.002391561
69.517006	0.002570177
69.53701	0.002407245
69.557014	0.002255419
69.57702	0.002632339
69.59703	0.002634827
69.617035	0.002656644
69.63704	0.002823191
69.65704	0.002982708
69.67705	0.003322599
69.69706	0.003582227
69.717064	0.003526715
69.73707	0.003423862
69.75707	0.003323581
69.77708	0.003032004
69.79709	0.003001172
69.81709	0.003222279
69.8371	0.003128507
69.8571	0.003171156
69.877106	0.002790269
69.89711	0.002519358
69.91712	0.00275288
69.937126	0.002542258
69.95713	0.002223405
69.977135	0.00189493
69.99714	0.002573938
70.01715	0.002857332
70.037155	0.002541884
70.05716	0.002493993
70.07716	0.00265043
70.09717	0.003093469
70.11718	0.003412255
70.137184	0.003526717
70.15719	0.003371945
70.17719	0.003229486
70.1972	0.003431347
70.2172	0.003446383
70.23721	0.003219826
70.25722	0.002844758
70.27722	0.002868278
70.297226	0.003143914
70.31723	0.002990581
70.33724	0.002929717
70.35725	0.002646504
70.37725	0.0026067
70.397255	0.002888821
70.41726	0.002775491
70.43727	0.002518439
70.457275	0.002957232
70.47728	0.003016804
70.497284	0.002841754
70.51729	0.003047834
70.5373	0.003275926
70.557304	0.003231861
70.57731	0.003184878
70.59731	0.002883964
70.61732	0.002358745
70.63732	0.002360589
70.65733	0.002807945
70.67734	0.002822109
70.69734	0.002507494
70.71735	0.002361147
70.73735	0.002415042
70.75736	0.002405194
70.77737	0.002128044
70.79737	0.002121917
70.817375	0.002682617
70.83738	0.002691492
70.85739	0.002570786
70.877396	0.002693152
70.8974	0.002627411
70.917404	0.002310892
70.93741	0.002596983
70.95741	0.003287049
70.977425	0.003076183
70.99743	0.00298683
71.01743	0.003751227
71.03744	0.004143613
71.05744	0.004746988
71.07745	0.005461569
71.09746	0.005876026
71.11746	0.006468369
71.13747	0.006039279
71.15747	0.005479333
71.17748	0.005908587
71.19749	0.005824037
71.21749	0.005809198
71.237495	0.005506289
71.2575	0.005702543
71.27751	0.006630458
71.297516	0.007409261
71.31752	0.007985772
71.337524	0.008200869
71.35753	0.007825323
71.37753	0.007167251
71.397545	0.006562859
71.41755	0.006098089
71.43755	0.005702119
71.45756	0.005173372
71.47756	0.00467246
71.497574	0.003964145
71.51758	0.003799309
71.53758	0.004360615
71.55759	0.00407328
71.57759	0.003454844
71.5976	0.003153254
71.61761	0.002935218
71.63761	0.003230613
71.657616	0.003369267
71.67762	0.003165422
71.697624	0.002985089
71.717636	0.002857151
71.73764	0.002508483
71.757645	0.002635075
71.77765	0.002639941
71.79765	0.002713429
71.817665	0.002699127
71.83767	0.002734256
71.85767	0.00314453
71.87768	0.003015937
71.89768	0.002372161
71.917694	0.002505633
71.9377	0.002527278
71.9577	0.002454493
71.97771	0.003109674
71.99771	0.003433457
72.01772	0.003508327
72.03773	0.003416562
72.05773	0.003301107
72.077736	0.003185634
72.09774	0.003314461
72.117744	0.003319735
72.13776	0.003358681
72.15776	0.003842016
72.177765	0.00387607
72.19777	0.003740272
72.21777	0.003522372
72.237785	0.003157783
72.25779	0.003134282
72.277794	0.003134871
72.2978	0.002817187
72.3178	0.00265105
72.337814	0.003060862
72.35782	0.003168932
72.37782	0.00310536
72.39783	0.003019268
72.41783	0.003161536
72.437836	0.00325846
72.45785	0.003205448
72.47785	0.003372741
72.497856	0.003325971
72.51786	0.003395873
72.537865	0.003500557
72.55788	0.003455519
72.57788	0.003398751
72.597885	0.003300057
72.61789	0.003387767
72.63789	0.00345534
72.657906	0.003217476
72.67791	0.002965408
72.697914	0.003134043
72.71792	0.002843942
72.73792	0.002740226
72.757935	0.003083864
72.77794	0.003341226
72.79794	0.003333861
72.81795	0.003209284
72.83795	0.003050064
72.857956	0.002814766
72.87797	0.002949458
72.89797	0.003129237
72.91798	0.003111724
72.93798	0.003132803
72.957985	0.003116329
72.978	0.002642807
72.998	0.002950246
73.018005	0.003449343
73.03801	0.003444805
73.058014	0.003562942
73.078026	0.003444996
73.09803	0.003300612
73.118034	0.003445915
73.13804	0.004107122
73.15804	0.004448074
73.17805	0.004617032
73.19806	0.004675147
73.21806	0.004575762
73.23807	0.003947686
73.25807	0.003234968
73.278076	0.003016249
73.29809	0.00297005
73.31809	0.003071368
73.3381	0.002792293
73.3581	0.003088206
73.378105	0.003204668
73.39812	0.002702698
73.41812	0.003071285
73.438126	0.003369853
73.45813	0.003426437
73.478134	0.00362045
73.498146	0.003389266
73.51815	0.003157568
73.538155	0.003295097
73.55816	0.003410535
73.57816	0.003867935
73.59817	0.004082956
73.61818	0.003976274
73.63818	0.004214215
73.65819	0.004559544
73.67819	0.004243464
73.6982	0.003617494
73.71821	0.003321326
73.73821	0.003240241
73.75822	0.003279462
73.77822	0.003285677
73.798225	0.00339316
73.81824	0.003373328
73.83824	0.003399969
73.858246	0.003191346
73.87825	0.003075238
73.898254	0.003342449
73.91826	0.003239523
73.93827	0.003301878
73.958275	0.003100576
73.97828	0.002394673
73.99828	0.002871088
74.01829	0.003139471
74.0383	0.002523219
74.058304	0.002656842
74.07831	0.002597057
74.09831	0.002823019
74.11832	0.003270081
74.13833	0.003352085
74.15833	0.002940071
74.17834	0.00248695
74.19834	0.003054871
74.218346	0.003249034
74.23836	0.003107328
74.25836	0.003052797
74.278366	0.002691798
74.29837	0.002490407
74.318375	0.00278412
74.33838	0.002528074
74.35839	0.002373828
74.378395	0.002794195
74.3984	0.002762996
74.4184	0.002587697
74.43841	0.002773547
74.45842	0.003394079
74.478424	0.003509471
74.49843	0.003254704
74.51843	0.003135277
74.53844	0.003227644
74.55845	0.002980679
74.57845	0.00287158
74.59846	0.003025779
74.61846	0.003249087
74.638466	0.003211435
74.65847	0.002933941
74.67848	0.002566433
74.69849	0.002900689
74.71849	0.003768147
74.738495	0.004301776
74.7585	0.004937282
74.77851	0.004699107
74.798515	0.004017667
74.81852	0.004254642
74.838524	0.004289434
74.85853	0.003818917
74.87854	0.003639348
74.898544	0.003132297
74.91855	0.002873059
74.93855	0.003466023
74.95856	0.003685519
74.97857	0.003533521
74.99857	0.003534291
75.01858	0.003811649
75.03858	0.003646044
75.058586	0.00328108
75.07859	0.003552385
75.0986	0.004254248
75.11861	0.00433519
75.13861	0.004478945
75.158615	0.004747689
75.17862	0.005503698
75.19863	0.005539173
75.218636	0.005716122
75.23864	0.006826826
75.258644	0.007699894
75.27865	0.008175621
75.29866	0.008252549
75.318665	0.007591387
75.33867	0.008237873
75.35867	0.007858899
75.37868	0.006907953
75.39868	0.006734705
75.41869	0.006880581
75.4387	0.006639429
75.4587	0.006418394
75.47871	0.006454621
75.49871	0.006337722
75.51872	0.006721531
75.53873	0.005933559
75.55873	0.005222478
75.578735	0.005391981
75.59874	0.00529907
75.61875	0.004561242
75.638756	0.004681129
75.65876	0.004835509
75.678764	0.004519605
75.69877	0.004205913
75.71878	0.003915642
75.738785	0.003902592
75.75879	0.003817857
75.77879	0.004035906
75.7988	0.003835209
75.8188	0.003380358
75.83881	0.003609835
75.85882	0.003458225
75.87882	0.003540597
75.89883	0.003982774
75.91883	0.004587886
75.93884	0.004755157
75.95885	0.005052983
75.97885	0.005730502
75.998856	0.005848708
76.01886	0.006120578
76.03887	0.006085882
76.058876	0.005654085
76.07888	0.005126394
76.098885	0.004535822
76.11889	0.004375872
76.13889	0.00473355
76.158905	0.005161687
76.17891	0.00545103
76.19891	0.00523592
76.21892	0.005129551
76.23892	0.005628815
76.258934	0.005065762
76.27894	0.004966183
76.29894	0.005233502
76.31895	0.00531803
76.33895	0.005596304
76.35896	0.005190755
76.37897	0.004329836
76.39897	0.003484761
76.418976	0.003988396
76.43898	0.004417295
76.45899	0.004706556
76.479	0.005745036
76.499	0.006529064
76.519005	0.007108914
76.53901	0.0066103
76.55901	0.00496494
76.579025	0.004625614
76.59903	0.004706098
76.61903	0.003961122
76.63904	0.003289557
76.65904	0.003235574
76.679054	0.003014246
76.69906	0.002944063
76.71906	0.003290373
76.73907	0.003921619
76.75907	0.004245528
76.77908	0.004211593
76.79909	0.003998191
76.81909	0.003246161
76.839096	0.003233295
76.8591	0.00370093
76.879105	0.003583732
76.89912	0.002828601
76.91912	0.002160576
76.939125	0.002717676
76.95913	0.002981536
76.97913	0.002971032
76.999146	0.002866157
77.01915	0.00235369
77.039154	0.001887088
77.05916	0.002138382
77.07916	0.002808642
77.099174	0.003040823
77.11918	0.003179268
77.13918	0.002873135
77.15919	0.002609921
77.17919	0.002571299
77.1992	0.002429039
77.21921	0.003085128
77.23921	0.003618527
77.25922	0.003537454
77.27922	0.002681759
77.299225	0.001860551
77.31924	0.00229631
77.33924	0.003346408
77.359245	0.003820952
77.37925	0.004116321
77.399254	0.004178943
77.419266	0.003970212
77.43927	0.003687226
77.459274	0.003658081
77.47928	0.003605927
77.49928	0.003966152
77.519295	0.004092811
77.5393	0.003702772
77.5593	0.002820058
77.57931	0.003061692
77.59931	0.003278955
77.619316	0.002840727
77.63933	0.002951713
77.65933	0.003211068
77.67934	0.00306794
77.69934	0.00272013
77.719345	0.002683044
77.73936	0.002747841
77.75936	0.003089481
77.779366	0.003238467
77.79937	0.002671141
77.819374	0.002535969
77.839386	0.002325612
77.85939	0.001982037
77.879395	0.002942554
77.8994	0.003422741
77.9194	0.003083936
77.939415	0.002371124
77.95942	0.002335265
77.97942	0.003112225
77.99943	0.003332963
78.01943	0.003238902
78.03944	0.003322853
78.05945	0.00346676
78.07945	0.00353003
78.09946	0.003493172
78.11946	0.003314684
78.139465	0.003164948
78.15948	0.003153213
78.17948	0.003088516
78.199486	0.003485412
78.21949	0.003395447
78.239494	0.003290105
78.25951	0.003358814
78.27951	0.002974841
78.299515	0.002889643
78.31952	0.003327504
78.33952	0.003127005
78.35953	0.003241988
78.37954	0.00406766
78.39954	0.004693465
78.41955	0.005164191
78.43955	0.005186909
78.45956	0.005019797
78.47957	0.004317398
78.49957	0.003624869
78.51958	0.003082316
78.53958	0.002859552
78.559586	0.003036828
78.5796	0.003370114
78.5996	0.003296498
78.619606	0.002699761
78.63961	0.002446122
78.659615	0.002932739
78.67963	0.002630708
78.69963	0.00238979
78.719635	0.00325345
78.73964	0.003616573
78.75964	0.002980247
78.77965	0.002974352
78.79966	0.003730643
78.819664	0.004276554
78.83967	0.004619697
78.85967	0.004849921
78.87968	0.004518286
78.89969	0.004805531
78.91969	0.004210044
78.9397	0.003517114
78.9597	0.005019645
78.979706	0.00525734
78.99972	0.005464744
79.01972	0.005606972
79.03973	0.005357523
79.05973	0.004814876
79.079735	0.00330011
79.09974	0.003300661
79.11975	0.003955355
79.139755	0.003633295
79.15976	0.003320666
79.17976	0.003250622
79.19977	0.003004278
79.21978	0.002675256
79.239784	0.003028122
79.25979	0.003783292
79.27979	0.003329123
79.2998	0.002518427
79.31981	0.002596441
79.33981	0.002492347
79.35982	0.002989502
79.37982	0.002973834
79.399826	0.002092516
79.41984	0.002628839
79.43984	0.002647134
79.45985	0.002457995
79.47985	0.002502232
79.499855	0.002690852
79.51986	0.002854034
79.53987	0.002867523
79.559875	0.003264217
79.57988	0.003256591
79.599884	0.002225594
79.61989	0.001618132
79.6399	0.002108809
79.659904	0.002291182
79.67991	0.002266851
79.69991	0.002135533
79.71992	0.002494526
79.73993	0.002617264
79.75993	0.002097541
79.77994	0.002007302
79.79994	0.002038075
79.81995	0.002362786
79.83995	0.002524452
79.85996	0.001760202
79.87997	0.00170031
79.89997	0.001700247
79.919975	0.001672407
79.93998	0.002185662
79.95999	0.001877831
79.979996	0.001967373
80	0.001450141
